-5.311771e-03 1.000000e-06
-1.776504e-03 1.300000e-05
-6.876752e-04 2.500000e-05
2.587180e-05 3.700000e-05
5.755828e-04 4.900000e-05
1.033132e-03 6.100000e-05
1.431663e-03 7.300000e-05
1.789302e-03 8.500000e-05
2.117083e-03 9.700000e-05
2.422250e-03 1.090000e-04
2.709832e-03 1.210000e-04
2.983473e-03 1.330000e-04
3.245903e-03 1.450000e-04
3.499223e-03 1.570000e-04
3.745088e-03 1.690000e-04
3.984823e-03 1.810000e-04
4.219507e-03 1.930000e-04
4.450025e-03 2.050000e-04
4.677117e-03 2.170000e-04
4.901399e-03 2.290000e-04
5.123397e-03 2.410000e-04
5.343556e-03 2.530000e-04
5.562256e-03 2.650000e-04
5.779828e-03 2.770000e-04
5.996557e-03 2.890000e-04
6.212689e-03 3.010000e-04
6.428444e-03 3.130000e-04
6.644010e-03 3.250000e-04
6.859558e-03 3.370000e-04
7.075237e-03 3.490000e-04
7.291181e-03 3.610000e-04
7.507511e-03 3.730000e-04
7.724336e-03 3.850000e-04
7.941756e-03 3.970000e-04
8.159860e-03 4.090000e-04
8.378735e-03 4.210000e-04
8.598459e-03 4.330000e-04
8.819106e-03 4.450000e-04
9.040748e-03 4.570000e-04
9.263453e-03 4.690000e-04
9.487289e-03 4.810000e-04
9.712322e-03 4.930000e-04
9.861344e-03 5.010000e-04
1.024057e-02 5.210000e-04
1.062375e-02 5.410000e-04
1.101121e-02 5.610000e-04
1.140332e-02 5.810000e-04
1.180050e-02 6.010000e-04
1.220321e-02 6.210000e-04
1.261201e-02 6.410000e-04
1.302755e-02 6.610000e-04
1.345063e-02 6.810000e-04
1.388220e-02 7.010000e-04
1.432345e-02 7.210000e-04
1.477589e-02 7.410000e-04
1.524140e-02 7.610000e-04
1.572245e-02 7.810000e-04
1.622227e-02 8.010000e-04
1.674516e-02 8.210000e-04
1.729691e-02 8.410000e-04
1.788543e-02 8.610000e-04
1.852155e-02 8.810000e-04
1.922007e-02 9.010000e-04
2.000081e-02 9.210000e-04
2.088919e-02 9.410000e-04
2.191532e-02 9.610000e-04
2.311011e-02 9.810000e-04
2.449836e-02 1.001000e-03
2.609145e-02 1.021000e-03
2.788455e-02 1.041000e-03
2.986033e-02 1.061000e-03
3.199559e-02 1.081000e-03
3.426663e-02 1.101000e-03
3.665213e-02 1.121000e-03
3.913402e-02 1.141000e-03
4.169747e-02 1.161000e-03
4.433047e-02 1.181000e-03
4.702331e-02 1.201000e-03
4.976814e-02 1.221000e-03
5.255856e-02 1.241000e-03
5.538936e-02 1.261000e-03
5.825622e-02 1.281000e-03
6.115556e-02 1.301000e-03
6.408441e-02 1.321000e-03
6.704024e-02 1.341000e-03
7.002090e-02 1.361000e-03
7.302459e-02 1.381000e-03
7.604972e-02 1.401000e-03
7.909495e-02 1.421000e-03
8.215910e-02 1.441000e-03
8.524113e-02 1.461000e-03
8.834016e-02 1.481000e-03
9.145538e-02 1.501000e-03
9.458610e-02 1.521000e-03
9.773168e-02 1.541000e-03
1.008916e-01 1.561000e-03
1.040653e-01 1.581000e-03
1.072524e-01 1.601000e-03
1.104524e-01 1.621000e-03
1.136651e-01 1.641000e-03
1.168900e-01 1.661000e-03
1.201270e-01 1.681000e-03
1.233756e-01 1.701000e-03
1.266358e-01 1.721000e-03
1.299072e-01 1.741000e-03
1.331897e-01 1.761000e-03
1.364831e-01 1.781000e-03
1.397873e-01 1.801000e-03
1.431020e-01 1.821000e-03
1.464272e-01 1.841000e-03
1.497627e-01 1.861000e-03
1.531085e-01 1.881000e-03
1.564644e-01 1.901000e-03
1.598304e-01 1.921000e-03
1.632063e-01 1.941000e-03
1.665922e-01 1.961000e-03
1.699880e-01 1.981000e-03
1.733936e-01 2.001000e-03
1.768090e-01 2.021000e-03
1.802342e-01 2.041000e-03
1.836691e-01 2.061000e-03
1.871138e-01 2.081000e-03
1.905683e-01 2.101000e-03
1.940325e-01 2.121000e-03
1.975066e-01 2.141000e-03
2.009904e-01 2.161000e-03
2.044842e-01 2.181000e-03
2.079878e-01 2.201000e-03
2.115014e-01 2.221000e-03
2.150251e-01 2.241000e-03
2.185589e-01 2.261000e-03
2.221030e-01 2.281000e-03
2.256574e-01 2.301000e-03
2.292224e-01 2.321000e-03
2.327979e-01 2.341000e-03
2.363843e-01 2.361000e-03
2.399817e-01 2.381000e-03
2.435903e-01 2.401000e-03
2.472103e-01 2.421000e-03
2.508421e-01 2.441000e-03
2.544858e-01 2.461000e-03
2.581419e-01 2.481000e-03
2.618106e-01 2.501000e-03
2.654924e-01 2.521000e-03
2.691877e-01 2.541000e-03
2.728970e-01 2.561000e-03
2.766209e-01 2.581000e-03
2.803598e-01 2.601000e-03
2.841145e-01 2.621000e-03
2.878857e-01 2.641000e-03
2.916741e-01 2.661000e-03
2.954805e-01 2.681000e-03
2.993060e-01 2.701000e-03
3.031514e-01 2.721000e-03
3.070179e-01 2.741000e-03
3.109067e-01 2.761000e-03
3.148189e-01 2.781000e-03
3.187560e-01 2.801000e-03
3.227194e-01 2.821000e-03
3.267106e-01 2.841000e-03
3.307314e-01 2.861000e-03
3.347834e-01 2.881000e-03
3.388685e-01 2.901000e-03
3.429888e-01 2.921000e-03
3.471464e-01 2.941000e-03
3.513434e-01 2.961000e-03
3.555822e-01 2.981000e-03
3.598654e-01 3.001000e-03
3.641956e-01 3.021000e-03
3.685757e-01 3.041000e-03
3.730086e-01 3.061000e-03
3.774976e-01 3.081000e-03
3.820462e-01 3.101000e-03
3.866580e-01 3.121000e-03
3.913371e-01 3.141000e-03
3.960877e-01 3.161000e-03
4.009145e-01 3.181000e-03
4.058227e-01 3.201000e-03
4.108176e-01 3.221000e-03
4.159055e-01 3.241000e-03
4.210930e-01 3.261000e-03
4.263873e-01 3.281000e-03
4.317965e-01 3.301000e-03
4.373296e-01 3.321000e-03
4.429966e-01 3.341000e-03
4.488083e-01 3.361000e-03
4.547772e-01 3.381000e-03
4.609169e-01 3.401000e-03
4.673428e-01 3.421000e-03
4.738816e-01 3.441000e-03
4.806440e-01 3.461000e-03
4.876518e-01 3.481000e-03
4.949292e-01 3.501000e-03
5.025032e-01 3.521000e-03
5.104038e-01 3.541000e-03
5.186640e-01 3.561000e-03
5.273203e-01 3.581000e-03
5.364117e-01 3.601000e-03
5.459802e-01 3.621000e-03
5.560693e-01 3.641000e-03
5.667231e-01 3.661000e-03
5.779846e-01 3.681000e-03
5.898933e-01 3.701000e-03
6.024829e-01 3.721000e-03
6.157791e-01 3.741000e-03
6.297970e-01 3.761000e-03
6.445403e-01 3.781000e-03
6.600013e-01 3.801000e-03
6.761622e-01 3.821000e-03
6.929972e-01 3.841000e-03
7.104753e-01 3.861000e-03
7.285632e-01 3.881000e-03
7.472277e-01 3.901000e-03
7.664370e-01 3.921000e-03
7.861618e-01 3.941000e-03
8.063756e-01 3.961000e-03
8.270549e-01 3.981000e-03
8.481783e-01 4.001000e-03
8.697266e-01 4.021000e-03
8.916820e-01 4.041000e-03
9.140279e-01 4.061000e-03
9.367483e-01 4.081000e-03
9.598282e-01 4.101000e-03
9.832529e-01 4.121000e-03
1.007008e+00 4.141000e-03
1.031081e+00 4.161000e-03
1.055307e+00 4.181000e-03
1.079977e+00 4.201000e-03
1.104926e+00 4.221000e-03
1.130139e+00 4.241000e-03
1.155604e+00 4.261000e-03
1.181307e+00 4.281000e-03
1.207237e+00 4.301000e-03
1.233383e+00 4.321000e-03
1.259733e+00 4.341000e-03
1.286276e+00 4.361000e-03
1.313002e+00 4.381000e-03
1.339901e+00 4.401000e-03
1.366962e+00 4.421000e-03
1.394177e+00 4.441000e-03
1.421536e+00 4.461000e-03
1.449031e+00 4.481000e-03
1.476653e+00 4.501000e-03
1.504395e+00 4.521000e-03
1.532249e+00 4.541000e-03
1.560208e+00 4.561000e-03
1.588264e+00 4.581000e-03
1.616412e+00 4.601000e-03
1.644645e+00 4.621000e-03
1.672956e+00 4.641000e-03
1.701341e+00 4.661000e-03
1.729794e+00 4.681000e-03
1.758309e+00 4.701000e-03
1.786882e+00 4.721000e-03
1.815508e+00 4.741000e-03
1.844183e+00 4.761000e-03
1.872902e+00 4.781000e-03
1.901662e+00 4.801000e-03
1.930458e+00 4.821000e-03
1.959288e+00 4.841000e-03
1.988147e+00 4.861000e-03
2.017032e+00 4.881000e-03
2.045940e+00 4.901000e-03
2.074869e+00 4.921000e-03
2.103814e+00 4.941000e-03
2.132775e+00 4.961000e-03
2.161748e+00 4.981000e-03
2.190731e+00 5.001000e-03
2.219721e+00 5.021000e-03
2.248717e+00 5.041000e-03
2.277716e+00 5.061000e-03
2.306716e+00 5.081000e-03
2.335716e+00 5.101000e-03
2.364714e+00 5.121000e-03
2.393708e+00 5.141000e-03
2.422696e+00 5.161000e-03
2.451678e+00 5.181000e-03
2.480650e+00 5.201000e-03
2.509613e+00 5.221000e-03
2.538565e+00 5.241000e-03
2.567505e+00 5.261000e-03
2.596431e+00 5.281000e-03
2.625342e+00 5.301000e-03
2.654238e+00 5.321000e-03
2.683117e+00 5.341000e-03
2.711978e+00 5.361000e-03
2.740821e+00 5.381000e-03
2.769644e+00 5.401000e-03
2.798448e+00 5.421000e-03
2.827230e+00 5.441000e-03
2.855990e+00 5.461000e-03
2.884728e+00 5.481000e-03
2.913443e+00 5.501000e-03
2.942135e+00 5.521000e-03
2.970802e+00 5.541000e-03
2.999444e+00 5.561000e-03
3.028060e+00 5.581000e-03
3.056651e+00 5.601000e-03
3.085216e+00 5.621000e-03
3.113753e+00 5.641000e-03
3.142264e+00 5.661000e-03
3.170746e+00 5.681000e-03
3.199201e+00 5.701000e-03
3.227627e+00 5.721000e-03
3.256024e+00 5.741000e-03
3.284392e+00 5.761000e-03
3.312731e+00 5.781000e-03
3.341040e+00 5.801000e-03
3.369320e+00 5.821000e-03
3.397568e+00 5.841000e-03
3.425787e+00 5.861000e-03
3.453975e+00 5.881000e-03
3.482132e+00 5.901000e-03
3.510257e+00 5.921000e-03
3.538352e+00 5.941000e-03
3.566415e+00 5.961000e-03
3.594446e+00 5.981000e-03
