* data record only -- the emitted .va inlines this curve
-4.832704e-03 1.000000e-06
-1.144404e-03 1.300000e-05
2.246656e-04 2.500000e-05
1.205806e-03 3.700000e-05
2.020272e-03 4.900000e-05
2.744325e-03 6.100000e-05
3.413470e-03 7.300000e-05
4.047124e-03 8.500000e-05
4.657028e-03 9.700000e-05
5.250772e-03 1.090000e-04
5.833490e-03 1.210000e-04
6.408764e-03 1.330000e-04
6.979152e-03 1.450000e-04
7.546510e-03 1.570000e-04
8.112204e-03 1.690000e-04
8.677260e-03 1.810000e-04
9.242464e-03 1.930000e-04
9.808444e-03 2.050000e-04
1.037573e-02 2.170000e-04
1.094479e-02 2.290000e-04
1.151610e-02 2.410000e-04
1.209013e-02 2.530000e-04
1.266742e-02 2.650000e-04
1.324861e-02 2.770000e-04
1.383442e-02 2.890000e-04
1.442578e-02 3.010000e-04
1.502382e-02 3.130000e-04
1.562997e-02 3.250000e-04
1.624605e-02 3.370000e-04
1.687440e-02 3.490000e-04
1.751807e-02 3.610000e-04
1.818107e-02 3.730000e-04
1.886860e-02 3.850000e-04
1.958743e-02 3.970000e-04
2.034603e-02 4.090000e-04
2.115457e-02 4.210000e-04
2.202415e-02 4.330000e-04
2.296524e-02 4.450000e-04
2.398550e-02 4.570000e-04
2.508786e-02 4.690000e-04
2.626994e-02 4.810000e-04
2.752508e-02 4.930000e-04
2.839764e-02 5.010000e-04
3.068647e-02 5.210000e-04
3.309539e-02 5.410000e-04
3.559278e-02 5.610000e-04
3.815608e-02 5.810000e-04
4.074674e-02 6.010000e-04
4.340722e-02 6.210000e-04
4.609390e-02 6.410000e-04
4.880633e-02 6.610000e-04
5.154016e-02 6.810000e-04
5.429254e-02 7.010000e-04
5.706127e-02 7.210000e-04
5.984465e-02 7.410000e-04
6.264137e-02 7.610000e-04
6.545035e-02 7.810000e-04
6.827078e-02 8.010000e-04
7.110197e-02 8.210000e-04
7.394337e-02 8.410000e-04
7.679454e-02 8.610000e-04
7.965511e-02 8.810000e-04
8.252478e-02 9.010000e-04
8.540329e-02 9.210000e-04
8.829043e-02 9.410000e-04
9.118603e-02 9.610000e-04
9.408995e-02 9.810000e-04
9.700206e-02 1.001000e-03
9.992227e-02 1.021000e-03
1.028505e-01 1.041000e-03
1.057866e-01 1.061000e-03
1.087307e-01 1.081000e-03
1.116825e-01 1.101000e-03
1.146422e-01 1.121000e-03
1.176096e-01 1.141000e-03
1.205848e-01 1.161000e-03
1.235678e-01 1.181000e-03
1.265584e-01 1.201000e-03
1.295568e-01 1.221000e-03
1.325629e-01 1.241000e-03
1.355767e-01 1.261000e-03
1.385982e-01 1.281000e-03
1.416275e-01 1.301000e-03
1.446645e-01 1.321000e-03
1.477093e-01 1.341000e-03
1.507619e-01 1.361000e-03
1.538222e-01 1.381000e-03
1.568904e-01 1.401000e-03
1.599665e-01 1.421000e-03
1.630504e-01 1.441000e-03
1.661422e-01 1.461000e-03
1.692420e-01 1.481000e-03
1.723497e-01 1.501000e-03
1.754655e-01 1.521000e-03
1.785892e-01 1.541000e-03
1.817211e-01 1.561000e-03
1.848610e-01 1.581000e-03
1.880092e-01 1.601000e-03
1.911655e-01 1.621000e-03
1.943300e-01 1.641000e-03
1.975029e-01 1.661000e-03
2.006841e-01 1.681000e-03
2.038737e-01 1.701000e-03
2.070718e-01 1.721000e-03
2.102784e-01 1.741000e-03
2.134935e-01 1.761000e-03
2.167173e-01 1.781000e-03
2.199498e-01 1.801000e-03
2.231911e-01 1.821000e-03
2.264412e-01 1.841000e-03
2.297002e-01 1.861000e-03
2.329683e-01 1.881000e-03
2.362454e-01 1.901000e-03
2.395318e-01 1.921000e-03
2.428274e-01 1.941000e-03
2.461323e-01 1.961000e-03
2.494468e-01 1.981000e-03
2.527709e-01 2.001000e-03
2.561047e-01 2.021000e-03
2.594483e-01 2.041000e-03
2.628020e-01 2.061000e-03
2.661657e-01 2.081000e-03
2.695398e-01 2.101000e-03
2.729243e-01 2.121000e-03
2.763195e-01 2.141000e-03
2.797255e-01 2.161000e-03
2.831425e-01 2.181000e-03
2.865708e-01 2.201000e-03
2.900105e-01 2.221000e-03
2.934620e-01 2.241000e-03
2.969256e-01 2.261000e-03
3.004014e-01 2.281000e-03
3.038899e-01 2.301000e-03
3.073913e-01 2.321000e-03
3.109061e-01 2.341000e-03
3.144346e-01 2.361000e-03
3.179772e-01 2.381000e-03
3.215345e-01 2.401000e-03
3.251068e-01 2.421000e-03
3.286948e-01 2.441000e-03
3.322990e-01 2.461000e-03
3.359199e-01 2.481000e-03
3.395583e-01 2.501000e-03
3.432147e-01 2.521000e-03
3.468901e-01 2.541000e-03
3.505850e-01 2.561000e-03
3.543004e-01 2.581000e-03
3.580371e-01 2.601000e-03
3.617961e-01 2.621000e-03
3.655783e-01 2.641000e-03
3.693848e-01 2.661000e-03
3.732167e-01 2.681000e-03
3.770752e-01 2.701000e-03
3.809613e-01 2.721000e-03
3.848766e-01 2.741000e-03
3.888222e-01 2.761000e-03
3.927996e-01 2.781000e-03
3.968103e-01 2.801000e-03
4.008560e-01 2.821000e-03
4.049382e-01 2.841000e-03
4.090586e-01 2.861000e-03
4.132193e-01 2.881000e-03
4.174221e-01 2.901000e-03
4.216691e-01 2.921000e-03
4.259625e-01 2.941000e-03
4.303046e-01 2.961000e-03
4.346981e-01 2.981000e-03
4.391455e-01 3.001000e-03
4.436498e-01 3.021000e-03
4.482140e-01 3.041000e-03
4.528415e-01 3.061000e-03
4.575358e-01 3.081000e-03
4.623007e-01 3.101000e-03
4.671406e-01 3.121000e-03
4.720598e-01 3.141000e-03
4.770635e-01 3.161000e-03
4.821568e-01 3.181000e-03
4.873458e-01 3.201000e-03
4.926367e-01 3.221000e-03
4.980368e-01 3.241000e-03
5.035536e-01 3.261000e-03
5.091958e-01 3.281000e-03
5.149725e-01 3.301000e-03
5.208943e-01 3.321000e-03
5.269725e-01 3.341000e-03
5.333097e-01 3.361000e-03
5.397474e-01 3.381000e-03
5.463843e-01 3.401000e-03
5.532375e-01 3.421000e-03
5.603259e-01 3.441000e-03
5.676706e-01 3.461000e-03
5.752943e-01 3.481000e-03
5.832222e-01 3.501000e-03
5.914817e-01 3.521000e-03
6.001022e-01 3.541000e-03
6.091153e-01 3.561000e-03
6.185540e-01 3.581000e-03
6.284526e-01 3.601000e-03
6.388456e-01 3.621000e-03
6.497669e-01 3.641000e-03
6.612485e-01 3.661000e-03
6.733188e-01 3.681000e-03
6.860018e-01 3.701000e-03
6.993153e-01 3.721000e-03
7.132703e-01 3.741000e-03
7.278706e-01 3.761000e-03
7.431129e-01 3.781000e-03
7.589877e-01 3.801000e-03
7.754801e-01 3.821000e-03
7.925717e-01 3.841000e-03
8.102416e-01 3.861000e-03
8.284679e-01 3.881000e-03
8.472283e-01 3.901000e-03
8.665013e-01 3.921000e-03
8.862661e-01 3.941000e-03
9.065032e-01 3.961000e-03
9.271940e-01 3.981000e-03
9.483211e-01 4.001000e-03
9.698680e-01 4.021000e-03
9.918187e-01 4.041000e-03
1.014158e+00 4.061000e-03
1.036870e+00 4.081000e-03
1.059941e+00 4.101000e-03
1.083356e+00 4.121000e-03
1.107101e+00 4.141000e-03
1.131163e+00 4.161000e-03
1.155378e+00 4.181000e-03
1.180038e+00 4.201000e-03
1.204975e+00 4.221000e-03
1.230177e+00 4.241000e-03
1.255629e+00 4.261000e-03
1.281320e+00 4.281000e-03
1.307238e+00 4.301000e-03
1.333372e+00 4.321000e-03
1.359709e+00 4.341000e-03
1.386239e+00 4.361000e-03
1.412952e+00 4.381000e-03
1.439837e+00 4.401000e-03
1.466885e+00 4.421000e-03
1.494087e+00 4.441000e-03
1.521432e+00 4.461000e-03
1.548913e+00 4.481000e-03
1.576522e+00 4.501000e-03
1.604250e+00 4.521000e-03
1.632090e+00 4.541000e-03
1.660034e+00 4.561000e-03
1.688077e+00 4.581000e-03
1.716210e+00 4.601000e-03
1.744428e+00 4.621000e-03
1.772726e+00 4.641000e-03
1.801096e+00 4.661000e-03
1.829534e+00 4.681000e-03
1.858035e+00 4.701000e-03
1.886594e+00 4.721000e-03
1.915206e+00 4.741000e-03
1.943866e+00 4.761000e-03
1.972571e+00 4.781000e-03
2.001316e+00 4.801000e-03
2.030098e+00 4.821000e-03
2.058913e+00 4.841000e-03
2.087758e+00 4.861000e-03
2.116628e+00 4.881000e-03
2.145522e+00 4.901000e-03
2.174437e+00 4.921000e-03
2.203368e+00 4.941000e-03
2.232315e+00 4.961000e-03
2.261274e+00 4.981000e-03
2.290242e+00 5.001000e-03
2.319218e+00 5.021000e-03
2.348200e+00 5.041000e-03
2.377185e+00 5.061000e-03
2.406171e+00 5.081000e-03
2.435157e+00 5.101000e-03
2.464141e+00 5.121000e-03
2.493121e+00 5.141000e-03
2.522095e+00 5.161000e-03
2.551063e+00 5.181000e-03
2.580022e+00 5.201000e-03
2.608971e+00 5.221000e-03
2.637910e+00 5.241000e-03
2.666835e+00 5.261000e-03
2.695748e+00 5.281000e-03
2.724646e+00 5.301000e-03
2.753528e+00 5.321000e-03
2.782394e+00 5.341000e-03
2.811242e+00 5.361000e-03
2.840071e+00 5.381000e-03
2.868881e+00 5.401000e-03
2.897671e+00 5.421000e-03
2.926440e+00 5.441000e-03
2.955188e+00 5.461000e-03
2.983913e+00 5.481000e-03
3.012615e+00 5.501000e-03
3.041293e+00 5.521000e-03
3.069948e+00 5.541000e-03
3.098577e+00 5.561000e-03
3.127181e+00 5.581000e-03
3.155759e+00 5.601000e-03
3.184311e+00 5.621000e-03
3.212836e+00 5.641000e-03
3.241334e+00 5.661000e-03
3.269804e+00 5.681000e-03
3.298246e+00 5.701000e-03
3.326660e+00 5.721000e-03
3.355045e+00 5.741000e-03
3.383401e+00 5.761000e-03
3.411727e+00 5.781000e-03
3.440024e+00 5.801000e-03
3.468291e+00 5.821000e-03
3.496528e+00 5.841000e-03
3.524735e+00 5.861000e-03
3.552910e+00 5.881000e-03
3.581055e+00 5.901000e-03
3.609169e+00 5.921000e-03
3.637252e+00 5.941000e-03
3.665303e+00 5.961000e-03
3.693323e+00 5.981000e-03
