* data record only -- the emitted .va inlines this curve
-2.246156e-02 1.000000e-06
-6.307012e-03 1.300000e-05
-2.934091e-03 2.500000e-05
-9.323908e-04 3.700000e-05
5.010672e-04 4.900000e-05
1.623710e-03 6.100000e-05
2.549648e-03 7.300000e-05
3.339599e-03 8.500000e-05
4.029778e-03 9.700000e-05
4.643553e-03 1.090000e-04
5.196896e-03 1.210000e-04
5.701216e-03 1.330000e-04
6.164950e-03 1.450000e-04
6.594520e-03 1.570000e-04
6.994925e-03 1.690000e-04
7.370137e-03 1.810000e-04
7.723364e-03 1.930000e-04
8.057233e-03 2.050000e-04
8.373928e-03 2.170000e-04
8.675278e-03 2.290000e-04
8.962835e-03 2.410000e-04
9.237926e-03 2.530000e-04
9.501693e-03 2.650000e-04
9.755129e-03 2.770000e-04
9.999101e-03 2.890000e-04
1.023437e-02 3.010000e-04
1.046161e-02 3.130000e-04
1.068141e-02 3.250000e-04
1.089432e-02 3.370000e-04
1.110080e-02 3.490000e-04
1.130130e-02 3.610000e-04
1.149618e-02 3.730000e-04
1.168581e-02 3.850000e-04
1.187051e-02 3.970000e-04
1.205056e-02 4.090000e-04
1.222623e-02 4.210000e-04
1.239777e-02 4.330000e-04
1.256540e-02 4.450000e-04
1.272932e-02 4.570000e-04
1.288972e-02 4.690000e-04
1.304679e-02 4.810000e-04
1.320068e-02 4.930000e-04
1.330566e-02 5.010000e-04
1.355200e-02 5.210000e-04
1.379084e-02 5.410000e-04
1.402271e-02 5.610000e-04
1.424810e-02 5.810000e-04
1.446743e-02 6.010000e-04
1.468111e-02 6.210000e-04
1.488949e-02 6.410000e-04
1.509288e-02 6.610000e-04
1.529159e-02 6.810000e-04
1.548588e-02 7.010000e-04
1.567599e-02 7.210000e-04
1.586217e-02 7.410000e-04
1.604461e-02 7.610000e-04
1.622351e-02 7.810000e-04
1.639904e-02 8.010000e-04
1.657138e-02 8.210000e-04
1.674067e-02 8.410000e-04
1.690706e-02 8.610000e-04
1.707068e-02 8.810000e-04
1.723165e-02 9.010000e-04
1.739010e-02 9.210000e-04
1.754613e-02 9.410000e-04
1.769984e-02 9.610000e-04
1.785134e-02 9.810000e-04
1.800070e-02 1.001000e-03
1.814801e-02 1.021000e-03
1.829337e-02 1.041000e-03
1.843683e-02 1.061000e-03
1.857847e-02 1.081000e-03
1.871837e-02 1.101000e-03
1.885658e-02 1.121000e-03
1.899316e-02 1.141000e-03
1.912818e-02 1.161000e-03
1.926168e-02 1.181000e-03
1.939372e-02 1.201000e-03
1.952435e-02 1.221000e-03
1.965362e-02 1.241000e-03
1.978157e-02 1.261000e-03
1.990824e-02 1.281000e-03
2.003368e-02 1.301000e-03
2.015791e-02 1.321000e-03
2.028100e-02 1.341000e-03
2.040295e-02 1.361000e-03
2.052382e-02 1.381000e-03
2.064364e-02 1.401000e-03
2.076243e-02 1.421000e-03
2.088022e-02 1.441000e-03
2.099705e-02 1.461000e-03
2.111294e-02 1.481000e-03
2.122793e-02 1.501000e-03
2.134202e-02 1.521000e-03
2.145526e-02 1.541000e-03
2.156766e-02 1.561000e-03
2.167925e-02 1.581000e-03
2.179005e-02 1.601000e-03
2.190007e-02 1.621000e-03
2.200935e-02 1.641000e-03
2.211790e-02 1.661000e-03
2.222574e-02 1.681000e-03
2.233289e-02 1.701000e-03
2.243936e-02 1.721000e-03
2.254518e-02 1.741000e-03
2.265036e-02 1.761000e-03
2.275492e-02 1.781000e-03
2.285886e-02 1.801000e-03
2.296222e-02 1.821000e-03
2.306500e-02 1.841000e-03
2.316721e-02 1.861000e-03
2.326888e-02 1.881000e-03
2.337001e-02 1.901000e-03
2.347062e-02 1.921000e-03
2.357072e-02 1.941000e-03
2.367032e-02 1.961000e-03
2.376943e-02 1.981000e-03
2.386807e-02 2.001000e-03
2.396625e-02 2.021000e-03
2.406398e-02 2.041000e-03
2.416126e-02 2.061000e-03
2.425812e-02 2.081000e-03
2.435455e-02 2.101000e-03
2.445057e-02 2.121000e-03
2.454620e-02 2.141000e-03
2.464143e-02 2.161000e-03
2.473628e-02 2.181000e-03
2.483075e-02 2.201000e-03
2.492486e-02 2.221000e-03
2.501862e-02 2.241000e-03
2.511203e-02 2.261000e-03
2.520509e-02 2.281000e-03
2.529783e-02 2.301000e-03
2.539024e-02 2.321000e-03
2.548234e-02 2.341000e-03
2.557412e-02 2.361000e-03
2.566561e-02 2.381000e-03
2.575680e-02 2.401000e-03
2.584770e-02 2.421000e-03
2.593832e-02 2.441000e-03
2.602867e-02 2.461000e-03
2.611875e-02 2.481000e-03
2.620856e-02 2.501000e-03
2.629813e-02 2.521000e-03
2.638744e-02 2.541000e-03
2.647651e-02 2.561000e-03
2.656534e-02 2.581000e-03
2.665394e-02 2.601000e-03
2.674231e-02 2.621000e-03
2.683047e-02 2.641000e-03
2.691841e-02 2.661000e-03
2.700613e-02 2.681000e-03
2.709366e-02 2.701000e-03
2.718098e-02 2.721000e-03
2.726811e-02 2.741000e-03
2.735506e-02 2.761000e-03
2.744181e-02 2.781000e-03
2.752839e-02 2.801000e-03
2.761479e-02 2.821000e-03
2.770102e-02 2.841000e-03
2.778709e-02 2.861000e-03
2.787299e-02 2.881000e-03
2.795874e-02 2.901000e-03
2.804434e-02 2.921000e-03
2.812979e-02 2.941000e-03
2.821509e-02 2.961000e-03
2.830025e-02 2.981000e-03
2.838528e-02 3.001000e-03
2.847018e-02 3.021000e-03
2.855494e-02 3.041000e-03
2.863959e-02 3.061000e-03
2.872411e-02 3.081000e-03
2.880852e-02 3.101000e-03
2.889282e-02 3.121000e-03
2.897700e-02 3.141000e-03
2.906109e-02 3.161000e-03
2.914507e-02 3.181000e-03
2.922895e-02 3.201000e-03
2.931274e-02 3.221000e-03
2.939644e-02 3.241000e-03
2.948004e-02 3.261000e-03
2.956357e-02 3.281000e-03
2.964701e-02 3.301000e-03
2.973038e-02 3.321000e-03
2.981368e-02 3.341000e-03
2.989690e-02 3.361000e-03
2.998005e-02 3.381000e-03
3.006314e-02 3.401000e-03
3.014617e-02 3.421000e-03
3.022914e-02 3.441000e-03
3.031205e-02 3.461000e-03
3.039492e-02 3.481000e-03
3.047773e-02 3.501000e-03
3.056049e-02 3.521000e-03
3.064322e-02 3.541000e-03
3.072590e-02 3.561000e-03
3.080854e-02 3.581000e-03
3.089115e-02 3.601000e-03
3.097373e-02 3.621000e-03
3.105628e-02 3.641000e-03
3.113880e-02 3.661000e-03
3.122130e-02 3.681000e-03
3.130377e-02 3.701000e-03
3.138623e-02 3.721000e-03
3.146868e-02 3.741000e-03
3.155111e-02 3.761000e-03
3.163353e-02 3.781000e-03
3.171594e-02 3.801000e-03
3.179835e-02 3.821000e-03
3.188075e-02 3.841000e-03
3.196315e-02 3.861000e-03
3.204556e-02 3.881000e-03
3.212797e-02 3.901000e-03
3.221039e-02 3.921000e-03
3.229282e-02 3.941000e-03
3.237526e-02 3.961000e-03
3.245772e-02 3.981000e-03
3.254019e-02 4.001000e-03
3.262268e-02 4.021000e-03
3.270520e-02 4.041000e-03
3.278774e-02 4.061000e-03
3.287031e-02 4.081000e-03
3.295290e-02 4.101000e-03
3.303553e-02 4.121000e-03
3.311819e-02 4.141000e-03
3.320089e-02 4.161000e-03
3.328362e-02 4.181000e-03
3.336640e-02 4.201000e-03
3.344921e-02 4.221000e-03
3.353208e-02 4.241000e-03
3.361499e-02 4.261000e-03
3.369795e-02 4.281000e-03
3.378096e-02 4.301000e-03
3.386403e-02 4.321000e-03
3.394715e-02 4.341000e-03
3.403033e-02 4.361000e-03
3.411357e-02 4.381000e-03
3.419687e-02 4.401000e-03
3.428024e-02 4.421000e-03
3.436368e-02 4.441000e-03
3.444718e-02 4.461000e-03
3.453075e-02 4.481000e-03
3.461440e-02 4.501000e-03
3.469813e-02 4.521000e-03
3.478193e-02 4.541000e-03
3.486581e-02 4.561000e-03
3.494977e-02 4.581000e-03
3.503381e-02 4.601000e-03
3.511794e-02 4.621000e-03
3.520216e-02 4.641000e-03
3.528646e-02 4.661000e-03
3.537086e-02 4.681000e-03
3.545536e-02 4.701000e-03
3.553994e-02 4.721000e-03
3.562463e-02 4.741000e-03
3.570941e-02 4.761000e-03
3.579430e-02 4.781000e-03
3.587929e-02 4.801000e-03
3.596438e-02 4.821000e-03
3.604958e-02 4.841000e-03
3.613489e-02 4.861000e-03
3.622031e-02 4.881000e-03
3.630585e-02 4.901000e-03
3.639150e-02 4.921000e-03
3.647726e-02 4.941000e-03
3.656315e-02 4.961000e-03
3.664915e-02 4.981000e-03
3.673528e-02 5.001000e-03
3.682153e-02 5.021000e-03
3.690791e-02 5.041000e-03
3.699442e-02 5.061000e-03
3.708105e-02 5.081000e-03
3.716782e-02 5.101000e-03
3.725472e-02 5.121000e-03
3.734176e-02 5.141000e-03
3.742893e-02 5.161000e-03
3.751624e-02 5.181000e-03
3.760369e-02 5.201000e-03
3.769129e-02 5.221000e-03
3.777903e-02 5.241000e-03
3.786691e-02 5.261000e-03
3.795495e-02 5.281000e-03
3.804313e-02 5.301000e-03
3.813146e-02 5.321000e-03
3.821995e-02 5.341000e-03
3.830859e-02 5.361000e-03
3.839739e-02 5.381000e-03
3.848634e-02 5.401000e-03
3.857546e-02 5.421000e-03
3.866473e-02 5.441000e-03
3.875417e-02 5.461000e-03
3.884378e-02 5.481000e-03
3.893355e-02 5.501000e-03
3.902349e-02 5.521000e-03
3.911360e-02 5.541000e-03
3.920388e-02 5.561000e-03
3.929433e-02 5.581000e-03
3.938496e-02 5.601000e-03
3.947577e-02 5.621000e-03
3.956675e-02 5.641000e-03
3.965791e-02 5.661000e-03
3.974926e-02 5.681000e-03
3.984078e-02 5.701000e-03
3.993249e-02 5.721000e-03
4.002439e-02 5.741000e-03
4.011648e-02 5.761000e-03
4.020875e-02 5.781000e-03
4.030121e-02 5.801000e-03
4.039387e-02 5.821000e-03
4.048672e-02 5.841000e-03
4.057977e-02 5.861000e-03
4.067301e-02 5.881000e-03
4.076645e-02 5.901000e-03
4.086009e-02 5.921000e-03
4.095393e-02 5.941000e-03
4.104797e-02 5.961000e-03
4.114222e-02 5.981000e-03
