* data record only -- the emitted .va inlines this curve
-3.085626e-04 1.000000e-06
-8.874859e-05 1.300000e-05
-2.471559e-05 2.500000e-05
1.665341e-05 3.700000e-05
4.826941e-05 4.900000e-05
7.445941e-05 6.100000e-05
9.721241e-05 7.300000e-05
1.176094e-04 8.500000e-05
1.363084e-04 9.700000e-05
1.537394e-04 1.090000e-04
1.701984e-04 1.210000e-04
1.859004e-04 1.330000e-04
2.010044e-04 1.450000e-04
2.156304e-04 1.570000e-04
2.298734e-04 1.690000e-04
2.438084e-04 1.810000e-04
2.574944e-04 1.930000e-04
2.709814e-04 2.050000e-04
2.843084e-04 2.170000e-04
2.975094e-04 2.290000e-04
3.106114e-04 2.410000e-04
3.236384e-04 2.530000e-04
3.366094e-04 2.650000e-04
3.495424e-04 2.770000e-04
3.624504e-04 2.890000e-04
3.753474e-04 3.010000e-04
3.882434e-04 3.130000e-04
4.011474e-04 3.250000e-04
4.140684e-04 3.370000e-04
4.270134e-04 3.490000e-04
4.399884e-04 3.610000e-04
4.529984e-04 3.730000e-04
4.660494e-04 3.850000e-04
4.791444e-04 3.970000e-04
4.922884e-04 4.090000e-04
5.054844e-04 4.210000e-04
5.187354e-04 4.330000e-04
5.320444e-04 4.450000e-04
5.454134e-04 4.570000e-04
5.588454e-04 4.690000e-04
5.723424e-04 4.810000e-04
5.859064e-04 4.930000e-04
6.177304e-04 5.210000e-04
6.407734e-04 5.410000e-04
6.640334e-04 5.610000e-04
6.875174e-04 5.810000e-04
7.112394e-04 6.010000e-04
7.352094e-04 6.210000e-04
7.594424e-04 6.410000e-04
7.839524e-04 6.610000e-04
8.087594e-04 6.810000e-04
8.338824e-04 7.010000e-04
8.593454e-04 7.210000e-04
8.851784e-04 7.410000e-04
9.114134e-04 7.610000e-04
9.380924e-04 7.810000e-04
9.652644e-04 8.010000e-04
9.929914e-04 8.210000e-04
1.021347e-03 8.410000e-04
1.050423e-03 8.610000e-04
1.080341e-03 8.810000e-04
1.111264e-03 9.010000e-04
1.143412e-03 9.210000e-04
1.177100e-03 9.410000e-04
1.212792e-03 9.610000e-04
1.251206e-03 9.810000e-04
1.293526e-03 1.001000e-03
1.341833e-03 1.021000e-03
1.400072e-03 1.041000e-03
1.476316e-03 1.061000e-03
1.614851e-03 1.081000e-03
1.828476e-03 1.101000e-03
2.205790e-03 1.121000e-03
2.834699e-03 1.141000e-03
3.783894e-03 1.161000e-03
5.124448e-03 1.181000e-03
6.870346e-03 1.201000e-03
8.952896e-03 1.221000e-03
1.125306e-02 1.241000e-03
1.367406e-02 1.261000e-03
1.616563e-02 1.281000e-03
1.870209e-02 1.301000e-03
2.127098e-02 1.321000e-03
2.386614e-02 1.341000e-03
2.648509e-02 1.361000e-03
2.912759e-02 1.381000e-03
3.179211e-02 1.401000e-03
3.447435e-02 1.421000e-03
3.717156e-02 1.441000e-03
3.987595e-02 1.461000e-03
4.260149e-02 1.481000e-03
4.534081e-02 1.501000e-03
4.809415e-02 1.521000e-03
5.086163e-02 1.541000e-03
5.364339e-02 1.561000e-03
5.643961e-02 1.581000e-03
5.925050e-02 1.601000e-03
6.207624e-02 1.621000e-03
6.491705e-02 1.641000e-03
6.777315e-02 1.661000e-03
7.064476e-02 1.681000e-03
7.353212e-02 1.701000e-03
7.643547e-02 1.721000e-03
7.935505e-02 1.741000e-03
8.229113e-02 1.761000e-03
8.524396e-02 1.781000e-03
8.821382e-02 1.801000e-03
9.120098e-02 1.821000e-03
9.420574e-02 1.841000e-03
9.722838e-02 1.861000e-03
1.002692e-01 1.881000e-03
1.033285e-01 1.901000e-03
1.064067e-01 1.921000e-03
1.095040e-01 1.941000e-03
1.126208e-01 1.961000e-03
1.157575e-01 1.981000e-03
1.189143e-01 2.001000e-03
1.220918e-01 2.021000e-03
1.252902e-01 2.041000e-03
1.285100e-01 2.061000e-03
1.317515e-01 2.081000e-03
1.350152e-01 2.101000e-03
1.383016e-01 2.121000e-03
1.416111e-01 2.141000e-03
1.449441e-01 2.161000e-03
1.483011e-01 2.181000e-03
1.516826e-01 2.201000e-03
1.550892e-01 2.221000e-03
1.585214e-01 2.241000e-03
1.619797e-01 2.261000e-03
1.654647e-01 2.281000e-03
1.689770e-01 2.301000e-03
1.725172e-01 2.321000e-03
1.760860e-01 2.341000e-03
1.796840e-01 2.361000e-03
1.833119e-01 2.381000e-03
1.869704e-01 2.401000e-03
1.906602e-01 2.421000e-03
1.943822e-01 2.441000e-03
1.981372e-01 2.461000e-03
2.019259e-01 2.481000e-03
2.057494e-01 2.501000e-03
2.096084e-01 2.521000e-03
2.135039e-01 2.541000e-03
2.174370e-01 2.561000e-03
2.214087e-01 2.581000e-03
2.254201e-01 2.601000e-03
2.294722e-01 2.621000e-03
2.335664e-01 2.641000e-03
2.377039e-01 2.661000e-03
2.418860e-01 2.681000e-03
2.461141e-01 2.701000e-03
2.503897e-01 2.721000e-03
2.547142e-01 2.741000e-03
2.590894e-01 2.761000e-03
2.635168e-01 2.781000e-03
2.679985e-01 2.801000e-03
2.725361e-01 2.821000e-03
2.771318e-01 2.841000e-03
2.817877e-01 2.861000e-03
2.865061e-01 2.881000e-03
2.912894e-01 2.901000e-03
2.961401e-01 2.921000e-03
3.010610e-01 2.941000e-03
3.060549e-01 2.961000e-03
3.111251e-01 2.981000e-03
3.162748e-01 3.001000e-03
3.215076e-01 3.021000e-03
3.268273e-01 3.041000e-03
3.322380e-01 3.061000e-03
3.377442e-01 3.081000e-03
3.433505e-01 3.101000e-03
3.490622e-01 3.121000e-03
3.548848e-01 3.141000e-03
3.608243e-01 3.161000e-03
3.668873e-01 3.181000e-03
3.730808e-01 3.201000e-03
3.794126e-01 3.221000e-03
3.858912e-01 3.241000e-03
3.925256e-01 3.261000e-03
3.993261e-01 3.281000e-03
4.063036e-01 3.301000e-03
4.134702e-01 3.321000e-03
4.208391e-01 3.341000e-03
4.284247e-01 3.361000e-03
4.362429e-01 3.381000e-03
4.443109e-01 3.401000e-03
4.526476e-01 3.421000e-03
4.612734e-01 3.441000e-03
4.702101e-01 3.461000e-03
4.794811e-01 3.481000e-03
4.891110e-01 3.501000e-03
4.991255e-01 3.521000e-03
5.095506e-01 3.541000e-03
5.204120e-01 3.561000e-03
5.317346e-01 3.581000e-03
5.435412e-01 3.601000e-03
5.558519e-01 3.621000e-03
5.686831e-01 3.641000e-03
5.820472e-01 3.661000e-03
5.959520e-01 3.681000e-03
6.104013e-01 3.701000e-03
6.253952e-01 3.721000e-03
6.412100e-01 3.741000e-03
6.572780e-01 3.761000e-03
6.738741e-01 3.781000e-03
6.909901e-01 3.801000e-03
7.086169e-01 3.821000e-03
7.267447e-01 3.841000e-03
7.453634e-01 3.861000e-03
7.644621e-01 3.881000e-03
7.840298e-01 3.901000e-03
8.040552e-01 3.921000e-03
8.245263e-01 3.941000e-03
8.454310e-01 3.961000e-03
8.667569e-01 3.981000e-03
8.884912e-01 4.001000e-03
9.106209e-01 4.021000e-03
9.331328e-01 4.041000e-03
9.560133e-01 4.061000e-03
9.792491e-01 4.081000e-03
1.002827e+00 4.101000e-03
1.026732e+00 4.121000e-03
1.050952e+00 4.141000e-03
1.075325e+00 4.161000e-03
1.100139e+00 4.181000e-03
1.125229e+00 4.201000e-03
1.150581e+00 4.221000e-03
1.176182e+00 4.241000e-03
1.202020e+00 4.261000e-03
1.228083e+00 4.281000e-03
1.254359e+00 4.301000e-03
1.280837e+00 4.321000e-03
1.307506e+00 4.341000e-03
1.334356e+00 4.361000e-03
1.361376e+00 4.381000e-03
1.388556e+00 4.401000e-03
1.415888e+00 4.421000e-03
1.443362e+00 4.441000e-03
1.470969e+00 4.461000e-03
1.498702e+00 4.481000e-03
1.526552e+00 4.501000e-03
1.554512e+00 4.521000e-03
1.582575e+00 4.541000e-03
1.610733e+00 4.561000e-03
1.638981e+00 4.581000e-03
1.667312e+00 4.601000e-03
1.695720e+00 4.621000e-03
1.724200e+00 4.641000e-03
1.752745e+00 4.661000e-03
1.781352e+00 4.681000e-03
1.810014e+00 4.701000e-03
1.838728e+00 4.721000e-03
1.867489e+00 4.741000e-03
1.896293e+00 4.761000e-03
1.925136e+00 4.781000e-03
1.954014e+00 4.801000e-03
1.982923e+00 4.821000e-03
2.011861e+00 4.841000e-03
2.040824e+00 4.861000e-03
2.069808e+00 4.881000e-03
2.098812e+00 4.901000e-03
2.127832e+00 4.921000e-03
2.156865e+00 4.941000e-03
2.185909e+00 4.961000e-03
2.214962e+00 4.981000e-03
2.244022e+00 5.001000e-03
2.273085e+00 5.021000e-03
2.302151e+00 5.041000e-03
2.331218e+00 5.061000e-03
2.360283e+00 5.081000e-03
2.389344e+00 5.101000e-03
2.418401e+00 5.121000e-03
2.447451e+00 5.141000e-03
2.476494e+00 5.161000e-03
2.505527e+00 5.181000e-03
2.534549e+00 5.201000e-03
2.563560e+00 5.221000e-03
2.592557e+00 5.241000e-03
2.621540e+00 5.261000e-03
2.650508e+00 5.281000e-03
2.679459e+00 5.301000e-03
2.708393e+00 5.321000e-03
2.737308e+00 5.341000e-03
2.766205e+00 5.361000e-03
2.795081e+00 5.381000e-03
2.823936e+00 5.401000e-03
2.852770e+00 5.421000e-03
2.881581e+00 5.441000e-03
2.910369e+00 5.461000e-03
2.939133e+00 5.481000e-03
2.967874e+00 5.501000e-03
2.996589e+00 5.521000e-03
3.025279e+00 5.541000e-03
3.053943e+00 5.561000e-03
3.082580e+00 5.581000e-03
3.111191e+00 5.601000e-03
3.139774e+00 5.621000e-03
3.168329e+00 5.641000e-03
3.196856e+00 5.661000e-03
3.225355e+00 5.681000e-03
3.253825e+00 5.701000e-03
3.282265e+00 5.721000e-03
3.310676e+00 5.741000e-03
3.339057e+00 5.761000e-03
3.367408e+00 5.781000e-03
3.395728e+00 5.801000e-03
3.424018e+00 5.821000e-03
3.452277e+00 5.841000e-03
3.480505e+00 5.861000e-03
3.508701e+00 5.881000e-03
3.536866e+00 5.901000e-03
3.564999e+00 5.921000e-03
3.593101e+00 5.941000e-03
3.621170e+00 5.961000e-03
3.649207e+00 5.981000e-03
