-5.364902e-03 1.000000e-06
-1.829635e-03 1.300000e-05
-7.408065e-04 2.500000e-05
-2.725949e-05 3.700000e-05
5.224515e-04 4.900000e-05
9.800005e-04 6.100000e-05
1.378532e-03 7.300000e-05
1.736171e-03 8.500000e-05
2.063952e-03 9.700000e-05
2.369119e-03 1.090000e-04
2.656701e-03 1.210000e-04
2.930342e-03 1.330000e-04
3.192772e-03 1.450000e-04
3.446092e-03 1.570000e-04
3.691957e-03 1.690000e-04
3.931692e-03 1.810000e-04
4.166376e-03 1.930000e-04
4.396894e-03 2.050000e-04
4.623986e-03 2.170000e-04
4.848268e-03 2.290000e-04
5.070266e-03 2.410000e-04
5.290425e-03 2.530000e-04
5.509125e-03 2.650000e-04
5.726697e-03 2.770000e-04
5.943426e-03 2.890000e-04
6.159558e-03 3.010000e-04
6.375313e-03 3.130000e-04
6.590879e-03 3.250000e-04
6.806427e-03 3.370000e-04
7.022106e-03 3.490000e-04
7.238050e-03 3.610000e-04
7.454380e-03 3.730000e-04
7.671205e-03 3.850000e-04
7.888625e-03 3.970000e-04
8.106729e-03 4.090000e-04
8.325604e-03 4.210000e-04
8.545328e-03 4.330000e-04
8.765975e-03 4.450000e-04
8.987617e-03 4.570000e-04
9.210322e-03 4.690000e-04
9.434158e-03 4.810000e-04
9.659191e-03 4.930000e-04
9.808213e-03 5.010000e-04
1.018744e-02 5.210000e-04
1.057062e-02 5.410000e-04
1.095808e-02 5.610000e-04
1.135019e-02 5.810000e-04
1.174737e-02 6.010000e-04
1.215008e-02 6.210000e-04
1.255888e-02 6.410000e-04
1.297442e-02 6.610000e-04
1.339750e-02 6.810000e-04
1.382907e-02 7.010000e-04
1.427032e-02 7.210000e-04
1.472276e-02 7.410000e-04
1.518827e-02 7.610000e-04
1.566932e-02 7.810000e-04
1.616914e-02 8.010000e-04
1.669203e-02 8.210000e-04
1.724378e-02 8.410000e-04
1.783230e-02 8.610000e-04
1.846842e-02 8.810000e-04
1.916694e-02 9.010000e-04
1.994768e-02 9.210000e-04
2.083606e-02 9.410000e-04
2.186219e-02 9.610000e-04
2.305698e-02 9.810000e-04
2.444523e-02 1.001000e-03
2.603832e-02 1.021000e-03
2.783142e-02 1.041000e-03
2.980720e-02 1.061000e-03
3.194246e-02 1.081000e-03
3.421350e-02 1.101000e-03
3.659900e-02 1.121000e-03
3.908089e-02 1.141000e-03
4.164434e-02 1.161000e-03
4.427734e-02 1.181000e-03
4.697018e-02 1.201000e-03
4.971501e-02 1.221000e-03
5.250543e-02 1.241000e-03
5.533622e-02 1.261000e-03
5.820308e-02 1.281000e-03
6.110243e-02 1.301000e-03
6.403128e-02 1.321000e-03
6.698710e-02 1.341000e-03
6.996777e-02 1.361000e-03
7.297146e-02 1.381000e-03
7.599659e-02 1.401000e-03
7.904182e-02 1.421000e-03
8.210597e-02 1.441000e-03
8.518800e-02 1.461000e-03
8.828703e-02 1.481000e-03
9.140225e-02 1.501000e-03
9.453296e-02 1.521000e-03
9.767855e-02 1.541000e-03
1.008384e-01 1.561000e-03
1.040122e-01 1.581000e-03
1.071992e-01 1.601000e-03
1.103993e-01 1.621000e-03
1.136119e-01 1.641000e-03
1.168369e-01 1.661000e-03
1.200738e-01 1.681000e-03
1.233225e-01 1.701000e-03
1.265827e-01 1.721000e-03
1.298541e-01 1.741000e-03
1.331366e-01 1.761000e-03
1.364300e-01 1.781000e-03
1.397341e-01 1.801000e-03
1.430489e-01 1.821000e-03
1.463740e-01 1.841000e-03
1.497096e-01 1.861000e-03
1.530553e-01 1.881000e-03
1.564112e-01 1.901000e-03
1.597772e-01 1.921000e-03
1.631532e-01 1.941000e-03
1.665391e-01 1.961000e-03
1.699348e-01 1.981000e-03
1.733404e-01 2.001000e-03
1.767559e-01 2.021000e-03
1.801810e-01 2.041000e-03
1.836160e-01 2.061000e-03
1.870607e-01 2.081000e-03
1.905152e-01 2.101000e-03
1.939794e-01 2.121000e-03
1.974534e-01 2.141000e-03
2.009373e-01 2.161000e-03
2.044310e-01 2.181000e-03
2.079347e-01 2.201000e-03
2.114483e-01 2.221000e-03
2.149720e-01 2.241000e-03
2.185058e-01 2.261000e-03
2.220499e-01 2.281000e-03
2.256043e-01 2.301000e-03
2.291692e-01 2.321000e-03
2.327448e-01 2.341000e-03
2.363312e-01 2.361000e-03
2.399286e-01 2.381000e-03
2.435372e-01 2.401000e-03
2.471572e-01 2.421000e-03
2.507889e-01 2.441000e-03
2.544327e-01 2.461000e-03
2.580887e-01 2.481000e-03
2.617575e-01 2.501000e-03
2.654393e-01 2.521000e-03
2.691346e-01 2.541000e-03
2.728439e-01 2.561000e-03
2.765678e-01 2.581000e-03
2.803067e-01 2.601000e-03
2.840614e-01 2.621000e-03
2.878326e-01 2.641000e-03
2.916209e-01 2.661000e-03
2.954274e-01 2.681000e-03
2.992529e-01 2.701000e-03
3.030983e-01 2.721000e-03
3.069648e-01 2.741000e-03
3.108535e-01 2.761000e-03
3.147658e-01 2.781000e-03
3.187029e-01 2.801000e-03
3.226663e-01 2.821000e-03
3.266575e-01 2.841000e-03
3.306782e-01 2.861000e-03
3.347303e-01 2.881000e-03
3.388154e-01 2.901000e-03
3.429357e-01 2.921000e-03
3.470932e-01 2.941000e-03
3.512902e-01 2.961000e-03
3.555291e-01 2.981000e-03
3.598123e-01 3.001000e-03
3.641425e-01 3.021000e-03
3.685225e-01 3.041000e-03
3.729555e-01 3.061000e-03
3.774445e-01 3.081000e-03
3.819931e-01 3.101000e-03
3.866049e-01 3.121000e-03
3.912839e-01 3.141000e-03
3.960346e-01 3.161000e-03
4.008614e-01 3.181000e-03
4.057695e-01 3.201000e-03
4.107645e-01 3.221000e-03
4.158524e-01 3.241000e-03
4.210398e-01 3.261000e-03
4.263341e-01 3.281000e-03
4.317434e-01 3.301000e-03
4.372765e-01 3.321000e-03
4.429434e-01 3.341000e-03
4.487552e-01 3.361000e-03
4.547241e-01 3.381000e-03
4.608638e-01 3.401000e-03
4.672897e-01 3.421000e-03
4.738285e-01 3.441000e-03
4.805909e-01 3.461000e-03
4.875987e-01 3.481000e-03
4.948761e-01 3.501000e-03
5.024501e-01 3.521000e-03
5.103506e-01 3.541000e-03
5.186109e-01 3.561000e-03
5.272671e-01 3.581000e-03
5.363586e-01 3.601000e-03
5.459271e-01 3.621000e-03
5.560162e-01 3.641000e-03
5.666700e-01 3.661000e-03
5.779315e-01 3.681000e-03
5.898401e-01 3.701000e-03
6.024298e-01 3.721000e-03
6.157260e-01 3.741000e-03
6.297438e-01 3.761000e-03
6.444872e-01 3.781000e-03
6.599482e-01 3.801000e-03
6.761091e-01 3.821000e-03
6.929441e-01 3.841000e-03
7.104221e-01 3.861000e-03
7.285101e-01 3.881000e-03
7.471746e-01 3.901000e-03
7.663839e-01 3.921000e-03
7.861086e-01 3.941000e-03
8.063225e-01 3.961000e-03
8.270017e-01 3.981000e-03
8.481251e-01 4.001000e-03
8.696734e-01 4.021000e-03
8.916289e-01 4.041000e-03
9.139748e-01 4.061000e-03
9.366952e-01 4.081000e-03
9.597751e-01 4.101000e-03
9.831998e-01 4.121000e-03
1.006955e+00 4.141000e-03
1.031028e+00 4.161000e-03
1.055254e+00 4.181000e-03
1.079924e+00 4.201000e-03
1.104873e+00 4.221000e-03
1.130086e+00 4.241000e-03
1.155550e+00 4.261000e-03
1.181254e+00 4.281000e-03
1.207184e+00 4.301000e-03
1.233330e+00 4.321000e-03
1.259680e+00 4.341000e-03
1.286223e+00 4.361000e-03
1.312949e+00 4.381000e-03
1.339847e+00 4.401000e-03
1.366909e+00 4.421000e-03
1.394124e+00 4.441000e-03
1.421483e+00 4.461000e-03
1.448978e+00 4.481000e-03
1.476600e+00 4.501000e-03
1.504342e+00 4.521000e-03
1.532196e+00 4.541000e-03
1.560155e+00 4.561000e-03
1.588211e+00 4.581000e-03
1.616359e+00 4.601000e-03
1.644591e+00 4.621000e-03
1.672903e+00 4.641000e-03
1.701288e+00 4.661000e-03
1.729740e+00 4.681000e-03
1.758256e+00 4.701000e-03
1.786829e+00 4.721000e-03
1.815455e+00 4.741000e-03
1.844130e+00 4.761000e-03
1.872849e+00 4.781000e-03
1.901609e+00 4.801000e-03
1.930405e+00 4.821000e-03
1.959235e+00 4.841000e-03
1.988093e+00 4.861000e-03
2.016979e+00 4.881000e-03
2.045887e+00 4.901000e-03
2.074815e+00 4.921000e-03
2.103761e+00 4.941000e-03
2.132722e+00 4.961000e-03
2.161695e+00 4.981000e-03
2.190678e+00 5.001000e-03
2.219668e+00 5.021000e-03
2.248664e+00 5.041000e-03
2.277663e+00 5.061000e-03
2.306663e+00 5.081000e-03
2.335663e+00 5.101000e-03
2.364661e+00 5.121000e-03
2.393655e+00 5.141000e-03
2.422643e+00 5.161000e-03
2.451624e+00 5.181000e-03
2.480597e+00 5.201000e-03
2.509560e+00 5.221000e-03
2.538512e+00 5.241000e-03
2.567452e+00 5.261000e-03
2.596378e+00 5.281000e-03
2.625289e+00 5.301000e-03
2.654185e+00 5.321000e-03
2.683064e+00 5.341000e-03
2.711925e+00 5.361000e-03
2.740768e+00 5.381000e-03
2.769591e+00 5.401000e-03
2.798394e+00 5.421000e-03
2.827177e+00 5.441000e-03
2.855937e+00 5.461000e-03
2.884675e+00 5.481000e-03
2.913390e+00 5.501000e-03
2.942081e+00 5.521000e-03
2.970748e+00 5.541000e-03
2.999391e+00 5.561000e-03
3.028007e+00 5.581000e-03
3.056598e+00 5.601000e-03
3.085163e+00 5.621000e-03
3.113700e+00 5.641000e-03
3.142210e+00 5.661000e-03
3.170693e+00 5.681000e-03
3.199148e+00 5.701000e-03
3.227574e+00 5.721000e-03
3.255971e+00 5.741000e-03
3.284339e+00 5.761000e-03
3.312678e+00 5.781000e-03
3.340987e+00 5.801000e-03
3.369266e+00 5.821000e-03
3.397515e+00 5.841000e-03
3.425734e+00 5.861000e-03
3.453922e+00 5.881000e-03
3.482078e+00 5.901000e-03
3.510204e+00 5.921000e-03
3.538299e+00 5.941000e-03
3.566361e+00 5.961000e-03
3.594393e+00 5.981000e-03
