* data record only -- the emitted .va inlines this curve
-5.199204e-03 1.000000e-06
-1.663937e-03 1.300000e-05
-5.751076e-04 2.500000e-05
1.384394e-04 3.700000e-05
6.881504e-04 4.900000e-05
1.145699e-03 6.100000e-05
1.544230e-03 7.300000e-05
1.901869e-03 8.500000e-05
2.229650e-03 9.700000e-05
2.534817e-03 1.090000e-04
2.822399e-03 1.210000e-04
3.096040e-03 1.330000e-04
3.358470e-03 1.450000e-04
3.611790e-03 1.570000e-04
3.857655e-03 1.690000e-04
4.097390e-03 1.810000e-04
4.332074e-03 1.930000e-04
4.562592e-03 2.050000e-04
4.789684e-03 2.170000e-04
5.013966e-03 2.290000e-04
5.235964e-03 2.410000e-04
5.456123e-03 2.530000e-04
5.674823e-03 2.650000e-04
5.892395e-03 2.770000e-04
6.109124e-03 2.890000e-04
6.325256e-03 3.010000e-04
6.541011e-03 3.130000e-04
6.756577e-03 3.250000e-04
6.972125e-03 3.370000e-04
7.187804e-03 3.490000e-04
7.403748e-03 3.610000e-04
7.620078e-03 3.730000e-04
7.836903e-03 3.850000e-04
8.054323e-03 3.970000e-04
8.272427e-03 4.090000e-04
8.491302e-03 4.210000e-04
8.711026e-03 4.330000e-04
8.931673e-03 4.450000e-04
9.153315e-03 4.570000e-04
9.376020e-03 4.690000e-04
9.599856e-03 4.810000e-04
9.824889e-03 4.930000e-04
9.973911e-03 5.010000e-04
1.035314e-02 5.210000e-04
1.073632e-02 5.410000e-04
1.112378e-02 5.610000e-04
1.151589e-02 5.810000e-04
1.191306e-02 6.010000e-04
1.231578e-02 6.210000e-04
1.272458e-02 6.410000e-04
1.314012e-02 6.610000e-04
1.356320e-02 6.810000e-04
1.399477e-02 7.010000e-04
1.443602e-02 7.210000e-04
1.488845e-02 7.410000e-04
1.535397e-02 7.610000e-04
1.583502e-02 7.810000e-04
1.633484e-02 8.010000e-04
1.685773e-02 8.210000e-04
1.740947e-02 8.410000e-04
1.799799e-02 8.610000e-04
1.863412e-02 8.810000e-04
1.933264e-02 9.010000e-04
2.011338e-02 9.210000e-04
2.100176e-02 9.410000e-04
2.202788e-02 9.610000e-04
2.322268e-02 9.810000e-04
2.461093e-02 1.001000e-03
2.620402e-02 1.021000e-03
2.799712e-02 1.041000e-03
2.997290e-02 1.061000e-03
3.210816e-02 1.081000e-03
3.437920e-02 1.101000e-03
3.676470e-02 1.121000e-03
3.924659e-02 1.141000e-03
4.181004e-02 1.161000e-03
4.444304e-02 1.181000e-03
4.713588e-02 1.201000e-03
4.988071e-02 1.221000e-03
5.267113e-02 1.241000e-03
5.550192e-02 1.261000e-03
5.836878e-02 1.281000e-03
6.126813e-02 1.301000e-03
6.419698e-02 1.321000e-03
6.715280e-02 1.341000e-03
7.013347e-02 1.361000e-03
7.313715e-02 1.381000e-03
7.616229e-02 1.401000e-03
7.920752e-02 1.421000e-03
8.227166e-02 1.441000e-03
8.535370e-02 1.461000e-03
8.845273e-02 1.481000e-03
9.156795e-02 1.501000e-03
9.469866e-02 1.521000e-03
9.784425e-02 1.541000e-03
1.010041e-01 1.561000e-03
1.041779e-01 1.581000e-03
1.073649e-01 1.601000e-03
1.105650e-01 1.621000e-03
1.137776e-01 1.641000e-03
1.170026e-01 1.661000e-03
1.202395e-01 1.681000e-03
1.234882e-01 1.701000e-03
1.267484e-01 1.721000e-03
1.300198e-01 1.741000e-03
1.333023e-01 1.761000e-03
1.365957e-01 1.781000e-03
1.398998e-01 1.801000e-03
1.432146e-01 1.821000e-03
1.465397e-01 1.841000e-03
1.498753e-01 1.861000e-03
1.532210e-01 1.881000e-03
1.565769e-01 1.901000e-03
1.599429e-01 1.921000e-03
1.633189e-01 1.941000e-03
1.667048e-01 1.961000e-03
1.701005e-01 1.981000e-03
1.735061e-01 2.001000e-03
1.769216e-01 2.021000e-03
1.803467e-01 2.041000e-03
1.837817e-01 2.061000e-03
1.872264e-01 2.081000e-03
1.906809e-01 2.101000e-03
1.941451e-01 2.121000e-03
1.976191e-01 2.141000e-03
2.011030e-01 2.161000e-03
2.045967e-01 2.181000e-03
2.081004e-01 2.201000e-03
2.116140e-01 2.221000e-03
2.151377e-01 2.241000e-03
2.186715e-01 2.261000e-03
2.222156e-01 2.281000e-03
2.257700e-01 2.301000e-03
2.293349e-01 2.321000e-03
2.329105e-01 2.341000e-03
2.364969e-01 2.361000e-03
2.400943e-01 2.381000e-03
2.437029e-01 2.401000e-03
2.473229e-01 2.421000e-03
2.509546e-01 2.441000e-03
2.545984e-01 2.461000e-03
2.582544e-01 2.481000e-03
2.619232e-01 2.501000e-03
2.656050e-01 2.521000e-03
2.693003e-01 2.541000e-03
2.730096e-01 2.561000e-03
2.767334e-01 2.581000e-03
2.804724e-01 2.601000e-03
2.842271e-01 2.621000e-03
2.879983e-01 2.641000e-03
2.917866e-01 2.661000e-03
2.955931e-01 2.681000e-03
2.994186e-01 2.701000e-03
3.032640e-01 2.721000e-03
3.071305e-01 2.741000e-03
3.110192e-01 2.761000e-03
3.149315e-01 2.781000e-03
3.188686e-01 2.801000e-03
3.228320e-01 2.821000e-03
3.268232e-01 2.841000e-03
3.308439e-01 2.861000e-03
3.348960e-01 2.881000e-03
3.389811e-01 2.901000e-03
3.431014e-01 2.921000e-03
3.472589e-01 2.941000e-03
3.514559e-01 2.961000e-03
3.556948e-01 2.981000e-03
3.599780e-01 3.001000e-03
3.643082e-01 3.021000e-03
3.686882e-01 3.041000e-03
3.731212e-01 3.061000e-03
3.776102e-01 3.081000e-03
3.821588e-01 3.101000e-03
3.867706e-01 3.121000e-03
3.914496e-01 3.141000e-03
3.962003e-01 3.161000e-03
4.010271e-01 3.181000e-03
4.059352e-01 3.201000e-03
4.109302e-01 3.221000e-03
4.160181e-01 3.241000e-03
4.212055e-01 3.261000e-03
4.264998e-01 3.281000e-03
4.319091e-01 3.301000e-03
4.374422e-01 3.321000e-03
4.431091e-01 3.341000e-03
4.489209e-01 3.361000e-03
4.548898e-01 3.381000e-03
4.610295e-01 3.401000e-03
4.674554e-01 3.421000e-03
4.739942e-01 3.441000e-03
4.807566e-01 3.461000e-03
4.877644e-01 3.481000e-03
4.950418e-01 3.501000e-03
5.026158e-01 3.521000e-03
5.105163e-01 3.541000e-03
5.187766e-01 3.561000e-03
5.274328e-01 3.581000e-03
5.365243e-01 3.601000e-03
5.460928e-01 3.621000e-03
5.561819e-01 3.641000e-03
5.668357e-01 3.661000e-03
5.780972e-01 3.681000e-03
5.900058e-01 3.701000e-03
6.025955e-01 3.721000e-03
6.158917e-01 3.741000e-03
6.299095e-01 3.761000e-03
6.446529e-01 3.781000e-03
6.601139e-01 3.801000e-03
6.762748e-01 3.821000e-03
6.931098e-01 3.841000e-03
7.105878e-01 3.861000e-03
7.286758e-01 3.881000e-03
7.473403e-01 3.901000e-03
7.665496e-01 3.921000e-03
7.862743e-01 3.941000e-03
8.064882e-01 3.961000e-03
8.271674e-01 3.981000e-03
8.482908e-01 4.001000e-03
8.698391e-01 4.021000e-03
8.917946e-01 4.041000e-03
9.141405e-01 4.061000e-03
9.368609e-01 4.081000e-03
9.599408e-01 4.101000e-03
9.833655e-01 4.121000e-03
1.007121e+00 4.141000e-03
1.031193e+00 4.161000e-03
1.055419e+00 4.181000e-03
1.080090e+00 4.201000e-03
1.105039e+00 4.221000e-03
1.130252e+00 4.241000e-03
1.155716e+00 4.261000e-03
1.181419e+00 4.281000e-03
1.207350e+00 4.301000e-03
1.233495e+00 4.321000e-03
1.259845e+00 4.341000e-03
1.286389e+00 4.361000e-03
1.313115e+00 4.381000e-03
1.340013e+00 4.401000e-03
1.367074e+00 4.421000e-03
1.394289e+00 4.441000e-03
1.421648e+00 4.461000e-03
1.449143e+00 4.481000e-03
1.476766e+00 4.501000e-03
1.504508e+00 4.521000e-03
1.532362e+00 4.541000e-03
1.560320e+00 4.561000e-03
1.588377e+00 4.581000e-03
1.616525e+00 4.601000e-03
1.644757e+00 4.621000e-03
1.673069e+00 4.641000e-03
1.701454e+00 4.661000e-03
1.729906e+00 4.681000e-03
1.758422e+00 4.701000e-03
1.786995e+00 4.721000e-03
1.815621e+00 4.741000e-03
1.844296e+00 4.761000e-03
1.873015e+00 4.781000e-03
1.901775e+00 4.801000e-03
1.930571e+00 4.821000e-03
1.959400e+00 4.841000e-03
1.988259e+00 4.861000e-03
2.017144e+00 4.881000e-03
2.046053e+00 4.901000e-03
2.074981e+00 4.921000e-03
2.103927e+00 4.941000e-03
2.132888e+00 4.961000e-03
2.161861e+00 4.981000e-03
2.190843e+00 5.001000e-03
2.219834e+00 5.021000e-03
2.248830e+00 5.041000e-03
2.277829e+00 5.061000e-03
2.306829e+00 5.081000e-03
2.335829e+00 5.101000e-03
2.364827e+00 5.121000e-03
2.393821e+00 5.141000e-03
2.422809e+00 5.161000e-03
2.451790e+00 5.181000e-03
2.480763e+00 5.201000e-03
2.509726e+00 5.221000e-03
2.538678e+00 5.241000e-03
2.567617e+00 5.261000e-03
2.596543e+00 5.281000e-03
2.625455e+00 5.301000e-03
2.654350e+00 5.321000e-03
2.683229e+00 5.341000e-03
2.712091e+00 5.361000e-03
2.740933e+00 5.381000e-03
2.769757e+00 5.401000e-03
2.798560e+00 5.421000e-03
2.827342e+00 5.441000e-03
2.856103e+00 5.461000e-03
2.884841e+00 5.481000e-03
2.913556e+00 5.501000e-03
2.942247e+00 5.521000e-03
2.970914e+00 5.541000e-03
2.999556e+00 5.561000e-03
3.028173e+00 5.581000e-03
3.056764e+00 5.601000e-03
3.085328e+00 5.621000e-03
3.113866e+00 5.641000e-03
3.142376e+00 5.661000e-03
3.170859e+00 5.681000e-03
3.199313e+00 5.701000e-03
3.227739e+00 5.721000e-03
3.256137e+00 5.741000e-03
3.284505e+00 5.761000e-03
3.312844e+00 5.781000e-03
3.341153e+00 5.801000e-03
3.369432e+00 5.821000e-03
3.397681e+00 5.841000e-03
3.425899e+00 5.861000e-03
3.454087e+00 5.881000e-03
3.482244e+00 5.901000e-03
3.510370e+00 5.921000e-03
3.538464e+00 5.941000e-03
3.566527e+00 5.961000e-03
3.594558e+00 5.981000e-03
