-5.380136e-03 1.000000e-06
-1.844869e-03 1.300000e-05
-7.560400e-04 2.500000e-05
-4.249304e-05 3.700000e-05
5.072180e-04 4.900000e-05
9.647670e-04 6.100000e-05
1.363298e-03 7.300000e-05
1.720937e-03 8.500000e-05
2.048718e-03 9.700000e-05
2.353885e-03 1.090000e-04
2.641467e-03 1.210000e-04
2.915108e-03 1.330000e-04
3.177538e-03 1.450000e-04
3.430858e-03 1.570000e-04
3.676723e-03 1.690000e-04
3.916458e-03 1.810000e-04
4.151142e-03 1.930000e-04
4.381660e-03 2.050000e-04
4.608752e-03 2.170000e-04
4.833034e-03 2.290000e-04
5.055032e-03 2.410000e-04
5.275191e-03 2.530000e-04
5.493891e-03 2.650000e-04
5.711463e-03 2.770000e-04
5.928192e-03 2.890000e-04
6.144324e-03 3.010000e-04
6.360079e-03 3.130000e-04
6.575645e-03 3.250000e-04
6.791193e-03 3.370000e-04
7.006872e-03 3.490000e-04
7.222816e-03 3.610000e-04
7.439146e-03 3.730000e-04
7.655971e-03 3.850000e-04
7.873391e-03 3.970000e-04
8.091495e-03 4.090000e-04
8.310370e-03 4.210000e-04
8.530094e-03 4.330000e-04
8.750741e-03 4.450000e-04
8.972383e-03 4.570000e-04
9.195088e-03 4.690000e-04
9.418924e-03 4.810000e-04
9.643957e-03 4.930000e-04
9.792979e-03 5.010000e-04
1.017221e-02 5.210000e-04
1.055539e-02 5.410000e-04
1.094285e-02 5.610000e-04
1.133496e-02 5.810000e-04
1.173213e-02 6.010000e-04
1.213484e-02 6.210000e-04
1.254364e-02 6.410000e-04
1.295919e-02 6.610000e-04
1.338226e-02 6.810000e-04
1.381383e-02 7.010000e-04
1.425509e-02 7.210000e-04
1.470752e-02 7.410000e-04
1.517303e-02 7.610000e-04
1.565409e-02 7.810000e-04
1.615391e-02 8.010000e-04
1.667679e-02 8.210000e-04
1.722854e-02 8.410000e-04
1.781706e-02 8.610000e-04
1.845319e-02 8.810000e-04
1.915171e-02 9.010000e-04
1.993245e-02 9.210000e-04
2.082083e-02 9.410000e-04
2.184695e-02 9.610000e-04
2.304174e-02 9.810000e-04
2.443000e-02 1.001000e-03
2.602308e-02 1.021000e-03
2.781618e-02 1.041000e-03
2.979197e-02 1.061000e-03
3.192722e-02 1.081000e-03
3.419827e-02 1.101000e-03
3.658377e-02 1.121000e-03
3.906565e-02 1.141000e-03
4.162911e-02 1.161000e-03
4.426211e-02 1.181000e-03
4.695495e-02 1.201000e-03
4.969977e-02 1.221000e-03
5.249020e-02 1.241000e-03
5.532099e-02 1.261000e-03
5.818785e-02 1.281000e-03
6.108720e-02 1.301000e-03
6.401605e-02 1.321000e-03
6.697187e-02 1.341000e-03
6.995254e-02 1.361000e-03
7.295622e-02 1.381000e-03
7.598136e-02 1.401000e-03
7.902658e-02 1.421000e-03
8.209073e-02 1.441000e-03
8.517277e-02 1.461000e-03
8.827180e-02 1.481000e-03
9.138702e-02 1.501000e-03
9.451773e-02 1.521000e-03
9.766331e-02 1.541000e-03
1.008232e-01 1.561000e-03
1.039969e-01 1.581000e-03
1.071840e-01 1.601000e-03
1.103841e-01 1.621000e-03
1.135967e-01 1.641000e-03
1.168217e-01 1.661000e-03
1.200586e-01 1.681000e-03
1.233073e-01 1.701000e-03
1.265674e-01 1.721000e-03
1.298389e-01 1.741000e-03
1.331214e-01 1.761000e-03
1.364148e-01 1.781000e-03
1.397189e-01 1.801000e-03
1.430336e-01 1.821000e-03
1.463588e-01 1.841000e-03
1.496943e-01 1.861000e-03
1.530401e-01 1.881000e-03
1.563960e-01 1.901000e-03
1.597620e-01 1.921000e-03
1.631379e-01 1.941000e-03
1.665238e-01 1.961000e-03
1.699196e-01 1.981000e-03
1.733252e-01 2.001000e-03
1.767406e-01 2.021000e-03
1.801658e-01 2.041000e-03
1.836008e-01 2.061000e-03
1.870455e-01 2.081000e-03
1.904999e-01 2.101000e-03
1.939642e-01 2.121000e-03
1.974382e-01 2.141000e-03
2.009221e-01 2.161000e-03
2.044158e-01 2.181000e-03
2.079194e-01 2.201000e-03
2.114331e-01 2.221000e-03
2.149567e-01 2.241000e-03
2.184906e-01 2.261000e-03
2.220346e-01 2.281000e-03
2.255891e-01 2.301000e-03
2.291540e-01 2.321000e-03
2.327296e-01 2.341000e-03
2.363160e-01 2.361000e-03
2.399133e-01 2.381000e-03
2.435219e-01 2.401000e-03
2.471420e-01 2.421000e-03
2.507737e-01 2.441000e-03
2.544175e-01 2.461000e-03
2.580735e-01 2.481000e-03
2.617422e-01 2.501000e-03
2.654241e-01 2.521000e-03
2.691194e-01 2.541000e-03
2.728287e-01 2.561000e-03
2.765525e-01 2.581000e-03
2.802915e-01 2.601000e-03
2.840462e-01 2.621000e-03
2.878173e-01 2.641000e-03
2.916057e-01 2.661000e-03
2.954122e-01 2.681000e-03
2.992376e-01 2.701000e-03
3.030831e-01 2.721000e-03
3.069496e-01 2.741000e-03
3.108383e-01 2.761000e-03
3.147505e-01 2.781000e-03
3.186876e-01 2.801000e-03
3.226510e-01 2.821000e-03
3.266423e-01 2.841000e-03
3.306630e-01 2.861000e-03
3.347150e-01 2.881000e-03
3.388002e-01 2.901000e-03
3.429205e-01 2.921000e-03
3.470780e-01 2.941000e-03
3.512750e-01 2.961000e-03
3.555138e-01 2.981000e-03
3.597970e-01 3.001000e-03
3.641272e-01 3.021000e-03
3.685073e-01 3.041000e-03
3.729402e-01 3.061000e-03
3.774293e-01 3.081000e-03
3.819778e-01 3.101000e-03
3.865896e-01 3.121000e-03
3.912687e-01 3.141000e-03
3.960193e-01 3.161000e-03
4.008462e-01 3.181000e-03
4.057543e-01 3.201000e-03
4.107493e-01 3.221000e-03
4.158372e-01 3.241000e-03
4.210246e-01 3.261000e-03
4.263189e-01 3.281000e-03
4.317281e-01 3.301000e-03
4.372613e-01 3.321000e-03
4.429282e-01 3.341000e-03
4.487400e-01 3.361000e-03
4.547089e-01 3.381000e-03
4.608486e-01 3.401000e-03
4.672745e-01 3.421000e-03
4.738132e-01 3.441000e-03
4.805757e-01 3.461000e-03
4.875835e-01 3.481000e-03
4.948609e-01 3.501000e-03
5.024349e-01 3.521000e-03
5.103354e-01 3.541000e-03
5.185957e-01 3.561000e-03
5.272519e-01 3.581000e-03
5.363434e-01 3.601000e-03
5.459119e-01 3.621000e-03
5.560010e-01 3.641000e-03
5.666548e-01 3.661000e-03
5.779162e-01 3.681000e-03
5.898249e-01 3.701000e-03
6.024146e-01 3.721000e-03
6.157107e-01 3.741000e-03
6.297286e-01 3.761000e-03
6.444719e-01 3.781000e-03
6.599330e-01 3.801000e-03
6.760939e-01 3.821000e-03
6.929288e-01 3.841000e-03
7.104069e-01 3.861000e-03
7.284949e-01 3.881000e-03
7.471593e-01 3.901000e-03
7.663686e-01 3.921000e-03
7.860934e-01 3.941000e-03
8.063073e-01 3.961000e-03
8.269865e-01 3.981000e-03
8.481099e-01 4.001000e-03
8.696582e-01 4.021000e-03
8.916136e-01 4.041000e-03
9.139595e-01 4.061000e-03
9.366800e-01 4.081000e-03
9.597598e-01 4.101000e-03
9.831845e-01 4.121000e-03
1.006940e+00 4.141000e-03
1.031012e+00 4.161000e-03
1.055238e+00 4.181000e-03
1.079909e+00 4.201000e-03
1.104858e+00 4.221000e-03
1.130071e+00 4.241000e-03
1.155535e+00 4.261000e-03
1.181238e+00 4.281000e-03
1.207169e+00 4.301000e-03
1.233314e+00 4.321000e-03
1.259664e+00 4.341000e-03
1.286208e+00 4.361000e-03
1.312934e+00 4.381000e-03
1.339832e+00 4.401000e-03
1.366894e+00 4.421000e-03
1.394108e+00 4.441000e-03
1.421468e+00 4.461000e-03
1.448963e+00 4.481000e-03
1.476585e+00 4.501000e-03
1.504327e+00 4.521000e-03
1.532181e+00 4.541000e-03
1.560139e+00 4.561000e-03
1.588196e+00 4.581000e-03
1.616344e+00 4.601000e-03
1.644576e+00 4.621000e-03
1.672888e+00 4.641000e-03
1.701273e+00 4.661000e-03
1.729725e+00 4.681000e-03
1.758241e+00 4.701000e-03
1.786814e+00 4.721000e-03
1.815440e+00 4.741000e-03
1.844115e+00 4.761000e-03
1.872834e+00 4.781000e-03
1.901594e+00 4.801000e-03
1.930390e+00 4.821000e-03
1.959219e+00 4.841000e-03
1.988078e+00 4.861000e-03
2.016963e+00 4.881000e-03
2.045872e+00 4.901000e-03
2.074800e+00 4.921000e-03
2.103746e+00 4.941000e-03
2.132707e+00 4.961000e-03
2.161680e+00 4.981000e-03
2.190663e+00 5.001000e-03
2.219653e+00 5.021000e-03
2.248649e+00 5.041000e-03
2.277648e+00 5.061000e-03
2.306648e+00 5.081000e-03
2.335648e+00 5.101000e-03
2.364646e+00 5.121000e-03
2.393640e+00 5.141000e-03
2.422628e+00 5.161000e-03
2.451609e+00 5.181000e-03
2.480582e+00 5.201000e-03
2.509545e+00 5.221000e-03
2.538497e+00 5.241000e-03
2.567436e+00 5.261000e-03
2.596362e+00 5.281000e-03
2.625274e+00 5.301000e-03
2.654169e+00 5.321000e-03
2.683048e+00 5.341000e-03
2.711910e+00 5.361000e-03
2.740753e+00 5.381000e-03
2.769576e+00 5.401000e-03
2.798379e+00 5.421000e-03
2.827161e+00 5.441000e-03
2.855922e+00 5.461000e-03
2.884660e+00 5.481000e-03
2.913375e+00 5.501000e-03
2.942066e+00 5.521000e-03
2.970733e+00 5.541000e-03
2.999375e+00 5.561000e-03
3.027992e+00 5.581000e-03
3.056583e+00 5.601000e-03
3.085147e+00 5.621000e-03
3.113685e+00 5.641000e-03
3.142195e+00 5.661000e-03
3.170678e+00 5.681000e-03
3.199132e+00 5.701000e-03
3.227559e+00 5.721000e-03
3.255956e+00 5.741000e-03
3.284324e+00 5.761000e-03
3.312663e+00 5.781000e-03
3.340972e+00 5.801000e-03
3.369251e+00 5.821000e-03
3.397500e+00 5.841000e-03
3.425719e+00 5.861000e-03
3.453906e+00 5.881000e-03
3.482063e+00 5.901000e-03
3.510189e+00 5.921000e-03
3.538283e+00 5.941000e-03
3.566346e+00 5.961000e-03
3.594378e+00 5.981000e-03
