* data record only -- the emitted .va inlines this curve
-5.378310e-03 1.000000e-06
-1.843043e-03 1.300000e-05
-7.542137e-04 2.500000e-05
-4.066672e-05 3.700000e-05
5.090443e-04 4.900000e-05
9.665933e-04 6.100000e-05
1.365124e-03 7.300000e-05
1.722763e-03 8.500000e-05
2.050544e-03 9.700000e-05
2.355711e-03 1.090000e-04
2.643293e-03 1.210000e-04
2.916934e-03 1.330000e-04
3.179364e-03 1.450000e-04
3.432684e-03 1.570000e-04
3.678549e-03 1.690000e-04
3.918284e-03 1.810000e-04
4.152968e-03 1.930000e-04
4.383486e-03 2.050000e-04
4.610578e-03 2.170000e-04
4.834860e-03 2.290000e-04
5.056858e-03 2.410000e-04
5.277017e-03 2.530000e-04
5.495717e-03 2.650000e-04
5.713289e-03 2.770000e-04
5.930018e-03 2.890000e-04
6.146150e-03 3.010000e-04
6.361905e-03 3.130000e-04
6.577471e-03 3.250000e-04
6.793019e-03 3.370000e-04
7.008698e-03 3.490000e-04
7.224642e-03 3.610000e-04
7.440972e-03 3.730000e-04
7.657797e-03 3.850000e-04
7.875217e-03 3.970000e-04
8.093321e-03 4.090000e-04
8.312196e-03 4.210000e-04
8.531920e-03 4.330000e-04
8.752567e-03 4.450000e-04
8.974209e-03 4.570000e-04
9.196914e-03 4.690000e-04
9.420750e-03 4.810000e-04
9.645783e-03 4.930000e-04
9.794805e-03 5.010000e-04
1.017404e-02 5.210000e-04
1.055721e-02 5.410000e-04
1.094467e-02 5.610000e-04
1.133678e-02 5.810000e-04
1.173396e-02 6.010000e-04
1.213667e-02 6.210000e-04
1.254547e-02 6.410000e-04
1.296101e-02 6.610000e-04
1.338409e-02 6.810000e-04
1.381566e-02 7.010000e-04
1.425692e-02 7.210000e-04
1.470935e-02 7.410000e-04
1.517486e-02 7.610000e-04
1.565591e-02 7.810000e-04
1.615573e-02 8.010000e-04
1.667862e-02 8.210000e-04
1.723037e-02 8.410000e-04
1.781889e-02 8.610000e-04
1.845501e-02 8.810000e-04
1.915354e-02 9.010000e-04
1.993427e-02 9.210000e-04
2.082266e-02 9.410000e-04
2.184878e-02 9.610000e-04
2.304357e-02 9.810000e-04
2.443183e-02 1.001000e-03
2.602491e-02 1.021000e-03
2.781801e-02 1.041000e-03
2.979379e-02 1.061000e-03
3.192905e-02 1.081000e-03
3.420010e-02 1.101000e-03
3.658559e-02 1.121000e-03
3.906748e-02 1.141000e-03
4.163094e-02 1.161000e-03
4.426394e-02 1.181000e-03
4.695678e-02 1.201000e-03
4.970160e-02 1.221000e-03
5.249202e-02 1.241000e-03
5.532282e-02 1.261000e-03
5.818968e-02 1.281000e-03
6.108903e-02 1.301000e-03
6.401787e-02 1.321000e-03
6.697370e-02 1.341000e-03
6.995436e-02 1.361000e-03
7.295805e-02 1.381000e-03
7.598318e-02 1.401000e-03
7.902841e-02 1.421000e-03
8.209256e-02 1.441000e-03
8.517460e-02 1.461000e-03
8.827362e-02 1.481000e-03
9.138884e-02 1.501000e-03
9.451956e-02 1.521000e-03
9.766514e-02 1.541000e-03
1.008250e-01 1.561000e-03
1.039987e-01 1.581000e-03
1.071858e-01 1.601000e-03
1.103859e-01 1.621000e-03
1.135985e-01 1.641000e-03
1.168235e-01 1.661000e-03
1.200604e-01 1.681000e-03
1.233091e-01 1.701000e-03
1.265693e-01 1.721000e-03
1.298407e-01 1.741000e-03
1.331232e-01 1.761000e-03
1.364166e-01 1.781000e-03
1.397207e-01 1.801000e-03
1.430355e-01 1.821000e-03
1.463606e-01 1.841000e-03
1.496962e-01 1.861000e-03
1.530419e-01 1.881000e-03
1.563978e-01 1.901000e-03
1.597638e-01 1.921000e-03
1.631398e-01 1.941000e-03
1.665257e-01 1.961000e-03
1.699214e-01 1.981000e-03
1.733270e-01 2.001000e-03
1.767424e-01 2.021000e-03
1.801676e-01 2.041000e-03
1.836026e-01 2.061000e-03
1.870473e-01 2.081000e-03
1.905018e-01 2.101000e-03
1.939660e-01 2.121000e-03
1.974400e-01 2.141000e-03
2.009239e-01 2.161000e-03
2.044176e-01 2.181000e-03
2.079213e-01 2.201000e-03
2.114349e-01 2.221000e-03
2.149586e-01 2.241000e-03
2.184924e-01 2.261000e-03
2.220365e-01 2.281000e-03
2.255909e-01 2.301000e-03
2.291558e-01 2.321000e-03
2.327314e-01 2.341000e-03
2.363178e-01 2.361000e-03
2.399152e-01 2.381000e-03
2.435238e-01 2.401000e-03
2.471438e-01 2.421000e-03
2.507755e-01 2.441000e-03
2.544193e-01 2.461000e-03
2.580753e-01 2.481000e-03
2.617441e-01 2.501000e-03
2.654259e-01 2.521000e-03
2.691212e-01 2.541000e-03
2.728305e-01 2.561000e-03
2.765543e-01 2.581000e-03
2.802933e-01 2.601000e-03
2.840480e-01 2.621000e-03
2.878191e-01 2.641000e-03
2.916075e-01 2.661000e-03
2.954140e-01 2.681000e-03
2.992394e-01 2.701000e-03
3.030849e-01 2.721000e-03
3.069514e-01 2.741000e-03
3.108401e-01 2.761000e-03
3.147524e-01 2.781000e-03
3.186895e-01 2.801000e-03
3.226528e-01 2.821000e-03
3.266441e-01 2.841000e-03
3.306648e-01 2.861000e-03
3.347168e-01 2.881000e-03
3.388020e-01 2.901000e-03
3.429223e-01 2.921000e-03
3.470798e-01 2.941000e-03
3.512768e-01 2.961000e-03
3.555157e-01 2.981000e-03
3.597988e-01 3.001000e-03
3.641291e-01 3.021000e-03
3.685091e-01 3.041000e-03
3.729421e-01 3.061000e-03
3.774311e-01 3.081000e-03
3.819796e-01 3.101000e-03
3.865915e-01 3.121000e-03
3.912705e-01 3.141000e-03
3.960212e-01 3.161000e-03
4.008480e-01 3.181000e-03
4.057561e-01 3.201000e-03
4.107511e-01 3.221000e-03
4.158390e-01 3.241000e-03
4.210264e-01 3.261000e-03
4.263207e-01 3.281000e-03
4.317300e-01 3.301000e-03
4.372631e-01 3.321000e-03
4.429300e-01 3.341000e-03
4.487418e-01 3.361000e-03
4.547107e-01 3.381000e-03
4.608504e-01 3.401000e-03
4.672763e-01 3.421000e-03
4.738150e-01 3.441000e-03
4.805775e-01 3.461000e-03
4.875853e-01 3.481000e-03
4.948627e-01 3.501000e-03
5.024367e-01 3.521000e-03
5.103372e-01 3.541000e-03
5.185975e-01 3.561000e-03
5.272537e-01 3.581000e-03
5.363452e-01 3.601000e-03
5.459137e-01 3.621000e-03
5.560028e-01 3.641000e-03
5.666566e-01 3.661000e-03
5.779180e-01 3.681000e-03
5.898267e-01 3.701000e-03
6.024164e-01 3.721000e-03
6.157126e-01 3.741000e-03
6.297304e-01 3.761000e-03
6.444738e-01 3.781000e-03
6.599348e-01 3.801000e-03
6.760957e-01 3.821000e-03
6.929306e-01 3.841000e-03
7.104087e-01 3.861000e-03
7.284967e-01 3.881000e-03
7.471612e-01 3.901000e-03
7.663704e-01 3.921000e-03
7.860952e-01 3.941000e-03
8.063091e-01 3.961000e-03
8.269883e-01 3.981000e-03
8.481117e-01 4.001000e-03
8.696600e-01 4.021000e-03
8.916155e-01 4.041000e-03
9.139614e-01 4.061000e-03
9.366818e-01 4.081000e-03
9.597617e-01 4.101000e-03
9.831864e-01 4.121000e-03
1.006942e+00 4.141000e-03
1.031014e+00 4.161000e-03
1.055240e+00 4.181000e-03
1.079911e+00 4.201000e-03
1.104860e+00 4.221000e-03
1.130073e+00 4.241000e-03
1.155537e+00 4.261000e-03
1.181240e+00 4.281000e-03
1.207171e+00 4.301000e-03
1.233316e+00 4.321000e-03
1.259666e+00 4.341000e-03
1.286209e+00 4.361000e-03
1.312935e+00 4.381000e-03
1.339834e+00 4.401000e-03
1.366895e+00 4.421000e-03
1.394110e+00 4.441000e-03
1.421469e+00 4.461000e-03
1.448964e+00 4.481000e-03
1.476587e+00 4.501000e-03
1.504329e+00 4.521000e-03
1.532183e+00 4.541000e-03
1.560141e+00 4.561000e-03
1.588198e+00 4.581000e-03
1.616345e+00 4.601000e-03
1.644578e+00 4.621000e-03
1.672890e+00 4.641000e-03
1.701274e+00 4.661000e-03
1.729727e+00 4.681000e-03
1.758242e+00 4.701000e-03
1.786816e+00 4.721000e-03
1.815442e+00 4.741000e-03
1.844117e+00 4.761000e-03
1.872836e+00 4.781000e-03
1.901596e+00 4.801000e-03
1.930392e+00 4.821000e-03
1.959221e+00 4.841000e-03
1.988080e+00 4.861000e-03
2.016965e+00 4.881000e-03
2.045873e+00 4.901000e-03
2.074802e+00 4.921000e-03
2.103748e+00 4.941000e-03
2.132709e+00 4.961000e-03
2.161682e+00 4.981000e-03
2.190664e+00 5.001000e-03
2.219655e+00 5.021000e-03
2.248650e+00 5.041000e-03
2.277650e+00 5.061000e-03
2.306650e+00 5.081000e-03
2.335650e+00 5.101000e-03
2.364648e+00 5.121000e-03
2.393641e+00 5.141000e-03
2.422630e+00 5.161000e-03
2.451611e+00 5.181000e-03
2.480584e+00 5.201000e-03
2.509547e+00 5.221000e-03
2.538499e+00 5.241000e-03
2.567438e+00 5.261000e-03
2.596364e+00 5.281000e-03
2.625276e+00 5.301000e-03
2.654171e+00 5.321000e-03
2.683050e+00 5.341000e-03
2.711912e+00 5.361000e-03
2.740754e+00 5.381000e-03
2.769578e+00 5.401000e-03
2.798381e+00 5.421000e-03
2.827163e+00 5.441000e-03
2.855924e+00 5.461000e-03
2.884662e+00 5.481000e-03
2.913377e+00 5.501000e-03
2.942068e+00 5.521000e-03
2.970735e+00 5.541000e-03
2.999377e+00 5.561000e-03
3.027994e+00 5.581000e-03
3.056585e+00 5.601000e-03
3.085149e+00 5.621000e-03
3.113687e+00 5.641000e-03
3.142197e+00 5.661000e-03
3.170680e+00 5.681000e-03
3.199134e+00 5.701000e-03
3.227560e+00 5.721000e-03
3.255958e+00 5.741000e-03
3.284326e+00 5.761000e-03
3.312665e+00 5.781000e-03
3.340974e+00 5.801000e-03
3.369253e+00 5.821000e-03
3.397502e+00 5.841000e-03
3.425720e+00 5.861000e-03
3.453908e+00 5.881000e-03
3.482065e+00 5.901000e-03
3.510191e+00 5.921000e-03
3.538285e+00 5.941000e-03
3.566348e+00 5.961000e-03
3.594379e+00 5.981000e-03
