-5.653363e-03 1.000000e-06
-1.943212e-03 1.300000e-05
-8.314499e-04 2.500000e-05
-1.062939e-04 3.700000e-05
4.509781e-04 4.900000e-05
9.140981e-04 6.100000e-05
1.317054e-03 7.300000e-05
1.678393e-03 8.500000e-05
2.009391e-03 9.700000e-05
2.317439e-03 1.090000e-04
2.607665e-03 1.210000e-04
2.883778e-03 1.330000e-04
3.148559e-03 1.450000e-04
3.404142e-03 1.570000e-04
3.652210e-03 1.690000e-04
3.894106e-03 1.810000e-04
4.130925e-03 1.930000e-04
4.363563e-03 2.050000e-04
4.592769e-03 2.170000e-04
4.819168e-03 2.290000e-04
5.043290e-03 2.410000e-04
5.265585e-03 2.530000e-04
5.486440e-03 2.650000e-04
5.706187e-03 2.770000e-04
5.925115e-03 2.890000e-04
6.143474e-03 3.010000e-04
6.361485e-03 3.130000e-04
6.579342e-03 3.250000e-04
6.797216e-03 3.370000e-04
7.015260e-03 3.490000e-04
7.233611e-03 3.610000e-04
7.452393e-03 3.730000e-04
7.671717e-03 3.850000e-04
7.891686e-03 3.970000e-04
8.112394e-03 4.090000e-04
8.333928e-03 4.210000e-04
8.556371e-03 4.330000e-04
8.779801e-03 4.450000e-04
9.004291e-03 4.570000e-04
9.229914e-03 4.690000e-04
9.456741e-03 4.810000e-04
9.684841e-03 4.930000e-04
9.835844e-03 5.010000e-04
1.022045e-02 5.210000e-04
1.060925e-02 5.410000e-04
1.100260e-02 5.610000e-04
1.140087e-02 5.810000e-04
1.180449e-02 6.010000e-04
1.221396e-02 6.210000e-04
1.262983e-02 6.410000e-04
1.305275e-02 6.610000e-04
1.348350e-02 6.810000e-04
1.392302e-02 7.010000e-04
1.437245e-02 7.210000e-04
1.483319e-02 7.410000e-04
1.530699e-02 7.610000e-04
1.579609e-02 7.810000e-04
1.630333e-02 8.010000e-04
1.683244e-02 8.210000e-04
1.738830e-02 8.410000e-04
1.797742e-02 8.610000e-04
1.860850e-02 8.810000e-04
1.929315e-02 9.010000e-04
2.004665e-02 9.210000e-04
2.088852e-02 9.410000e-04
2.184230e-02 9.610000e-04
2.293363e-02 9.810000e-04
2.418625e-02 1.001000e-03
2.561647e-02 1.021000e-03
2.722907e-02 1.041000e-03
2.901695e-02 1.061000e-03
3.096466e-02 1.081000e-03
3.305300e-02 1.101000e-03
3.526262e-02 1.121000e-03
3.757589e-02 1.141000e-03
3.997761e-02 1.161000e-03
4.245507e-02 1.181000e-03
4.499777e-02 1.201000e-03
4.759708e-02 1.221000e-03
5.024589e-02 1.241000e-03
5.293837e-02 1.261000e-03
5.566967e-02 1.281000e-03
5.843577e-02 1.301000e-03
6.123328e-02 1.321000e-03
6.405938e-02 1.341000e-03
6.691164e-02 1.361000e-03
6.978801e-02 1.381000e-03
7.268674e-02 1.401000e-03
7.560630e-02 1.421000e-03
7.854538e-02 1.441000e-03
8.150283e-02 1.461000e-03
8.447765e-02 1.481000e-03
8.746897e-02 1.501000e-03
9.047602e-02 1.521000e-03
9.349811e-02 1.541000e-03
9.653463e-02 1.561000e-03
9.958506e-02 1.581000e-03
1.026489e-01 1.601000e-03
1.057258e-01 1.621000e-03
1.088152e-01 1.641000e-03
1.119170e-01 1.661000e-03
1.150307e-01 1.681000e-03
1.181561e-01 1.701000e-03
1.212930e-01 1.721000e-03
1.244411e-01 1.741000e-03
1.276003e-01 1.761000e-03
1.307703e-01 1.781000e-03
1.339511e-01 1.801000e-03
1.371425e-01 1.821000e-03
1.403444e-01 1.841000e-03
1.435567e-01 1.861000e-03
1.467793e-01 1.881000e-03
1.500122e-01 1.901000e-03
1.532553e-01 1.921000e-03
1.565085e-01 1.941000e-03
1.597720e-01 1.961000e-03
1.630455e-01 1.981000e-03
1.663292e-01 2.001000e-03
1.696231e-01 2.021000e-03
1.729272e-01 2.041000e-03
1.762416e-01 2.061000e-03
1.795663e-01 2.081000e-03
1.829014e-01 2.101000e-03
1.862471e-01 2.121000e-03
1.896034e-01 2.141000e-03
1.929704e-01 2.161000e-03
1.963484e-01 2.181000e-03
1.997374e-01 2.201000e-03
2.031378e-01 2.221000e-03
2.065496e-01 2.241000e-03
2.099732e-01 2.261000e-03
2.134088e-01 2.281000e-03
2.168567e-01 2.301000e-03
2.203171e-01 2.321000e-03
2.237905e-01 2.341000e-03
2.272772e-01 2.361000e-03
2.307776e-01 2.381000e-03
2.342922e-01 2.401000e-03
2.378213e-01 2.421000e-03
2.413655e-01 2.441000e-03
2.449254e-01 2.461000e-03
2.485014e-01 2.481000e-03
2.520942e-01 2.501000e-03
2.557044e-01 2.521000e-03
2.593327e-01 2.541000e-03
2.629797e-01 2.561000e-03
2.666464e-01 2.581000e-03
2.703333e-01 2.601000e-03
2.740414e-01 2.621000e-03
2.777716e-01 2.641000e-03
2.815246e-01 2.661000e-03
2.853016e-01 2.681000e-03
2.891035e-01 2.701000e-03
2.929314e-01 2.721000e-03
2.967864e-01 2.741000e-03
3.006696e-01 2.761000e-03
3.045823e-01 2.781000e-03
3.085258e-01 2.801000e-03
3.125014e-01 2.821000e-03
3.165107e-01 2.841000e-03
3.205550e-01 2.861000e-03
3.246360e-01 2.881000e-03
3.287555e-01 2.901000e-03
3.329153e-01 2.921000e-03
3.371173e-01 2.941000e-03
3.413636e-01 2.961000e-03
3.456564e-01 2.981000e-03
3.499982e-01 3.001000e-03
3.543914e-01 3.021000e-03
3.588389e-01 3.041000e-03
3.633437e-01 3.061000e-03
3.679090e-01 3.081000e-03
3.725383e-01 3.101000e-03
3.772354e-01 3.121000e-03
3.820046e-01 3.141000e-03
3.868503e-01 3.161000e-03
3.917775e-01 3.181000e-03
3.967916e-01 3.201000e-03
4.018987e-01 3.221000e-03
4.071054e-01 3.241000e-03
4.124188e-01 3.261000e-03
4.178470e-01 3.281000e-03
4.233989e-01 3.301000e-03
4.290843e-01 3.321000e-03
4.349143e-01 3.341000e-03
4.409009e-01 3.361000e-03
4.471489e-01 3.381000e-03
4.534994e-01 3.401000e-03
4.600531e-01 3.421000e-03
4.668288e-01 3.441000e-03
4.738476e-01 3.461000e-03
4.811329e-01 3.481000e-03
4.887107e-01 3.501000e-03
4.966095e-01 3.521000e-03
5.048605e-01 3.541000e-03
5.134978e-01 3.561000e-03
5.225577e-01 3.581000e-03
5.320786e-01 3.601000e-03
5.421000e-01 3.621000e-03
5.526614e-01 3.641000e-03
5.638011e-01 3.661000e-03
5.755541e-01 3.681000e-03
5.879501e-01 3.701000e-03
6.010121e-01 3.721000e-03
6.147543e-01 3.741000e-03
6.291816e-01 3.761000e-03
6.442898e-01 3.781000e-03
6.600661e-01 3.801000e-03
6.764912e-01 3.821000e-03
6.935409e-01 3.841000e-03
7.111887e-01 3.861000e-03
7.294073e-01 3.881000e-03
7.481699e-01 3.901000e-03
7.674512e-01 3.921000e-03
7.872277e-01 3.941000e-03
8.074781e-01 3.961000e-03
8.281827e-01 3.981000e-03
8.493233e-01 4.001000e-03
8.708831e-01 4.021000e-03
8.928460e-01 4.041000e-03
9.151966e-01 4.061000e-03
9.379200e-01 4.081000e-03
9.610017e-01 4.101000e-03
9.844276e-01 4.121000e-03
1.008184e+00 4.141000e-03
1.032256e+00 4.161000e-03
1.056483e+00 4.181000e-03
1.081154e+00 4.201000e-03
1.106103e+00 4.221000e-03
1.131316e+00 4.241000e-03
1.156780e+00 4.261000e-03
1.182483e+00 4.281000e-03
1.208413e+00 4.301000e-03
1.234559e+00 4.321000e-03
1.260909e+00 4.341000e-03
1.287452e+00 4.361000e-03
1.314178e+00 4.381000e-03
1.341077e+00 4.401000e-03
1.368138e+00 4.421000e-03
1.395353e+00 4.441000e-03
1.422712e+00 4.461000e-03
1.450207e+00 4.481000e-03
1.477829e+00 4.501000e-03
1.505571e+00 4.521000e-03
1.533425e+00 4.541000e-03
1.561384e+00 4.561000e-03
1.589440e+00 4.581000e-03
1.617588e+00 4.601000e-03
1.645820e+00 4.621000e-03
1.674132e+00 4.641000e-03
1.702517e+00 4.661000e-03
1.730969e+00 4.681000e-03
1.759485e+00 4.701000e-03
1.788058e+00 4.721000e-03
1.816684e+00 4.741000e-03
1.845359e+00 4.761000e-03
1.874078e+00 4.781000e-03
1.902838e+00 4.801000e-03
1.931634e+00 4.821000e-03
1.960463e+00 4.841000e-03
1.989322e+00 4.861000e-03
2.018207e+00 4.881000e-03
2.047115e+00 4.901000e-03
2.076044e+00 4.921000e-03
2.104990e+00 4.941000e-03
2.133951e+00 4.961000e-03
2.162924e+00 4.981000e-03
2.191906e+00 5.001000e-03
2.220897e+00 5.021000e-03
2.249892e+00 5.041000e-03
2.278891e+00 5.061000e-03
2.307892e+00 5.081000e-03
2.336892e+00 5.101000e-03
2.365890e+00 5.121000e-03
2.394883e+00 5.141000e-03
2.423872e+00 5.161000e-03
2.452853e+00 5.181000e-03
2.481826e+00 5.201000e-03
2.510789e+00 5.221000e-03
2.539740e+00 5.241000e-03
2.568680e+00 5.261000e-03
2.597606e+00 5.281000e-03
2.626517e+00 5.301000e-03
2.655413e+00 5.321000e-03
2.684292e+00 5.341000e-03
2.713153e+00 5.361000e-03
2.741996e+00 5.381000e-03
2.770820e+00 5.401000e-03
2.799623e+00 5.421000e-03
2.828405e+00 5.441000e-03
2.857166e+00 5.461000e-03
2.885904e+00 5.481000e-03
2.914619e+00 5.501000e-03
2.943310e+00 5.521000e-03
2.971977e+00 5.541000e-03
3.000619e+00 5.561000e-03
3.029236e+00 5.581000e-03
3.057826e+00 5.601000e-03
3.086391e+00 5.621000e-03
3.114928e+00 5.641000e-03
3.143439e+00 5.661000e-03
3.171921e+00 5.681000e-03
3.200376e+00 5.701000e-03
3.228802e+00 5.721000e-03
3.257199e+00 5.741000e-03
3.285568e+00 5.761000e-03
3.313906e+00 5.781000e-03
3.342216e+00 5.801000e-03
3.370495e+00 5.821000e-03
3.398744e+00 5.841000e-03
3.426962e+00 5.861000e-03
3.455150e+00 5.881000e-03
3.483307e+00 5.901000e-03
3.511432e+00 5.921000e-03
3.539527e+00 5.941000e-03
3.567590e+00 5.961000e-03
3.595621e+00 5.981000e-03
