-5.190125e-03 1.000000e-06
-1.654858e-03 1.300000e-05
-5.660293e-04 2.500000e-05
1.475177e-04 3.700000e-05
6.972287e-04 4.900000e-05
1.154778e-03 6.100000e-05
1.553309e-03 7.300000e-05
1.910948e-03 8.500000e-05
2.238729e-03 9.700000e-05
2.543896e-03 1.090000e-04
2.831478e-03 1.210000e-04
3.105119e-03 1.330000e-04
3.367549e-03 1.450000e-04
3.620869e-03 1.570000e-04
3.866734e-03 1.690000e-04
4.106469e-03 1.810000e-04
4.341153e-03 1.930000e-04
4.571671e-03 2.050000e-04
4.798763e-03 2.170000e-04
5.023045e-03 2.290000e-04
5.245043e-03 2.410000e-04
5.465202e-03 2.530000e-04
5.683902e-03 2.650000e-04
5.901474e-03 2.770000e-04
6.118203e-03 2.890000e-04
6.334335e-03 3.010000e-04
6.550090e-03 3.130000e-04
6.765656e-03 3.250000e-04
6.981204e-03 3.370000e-04
7.196883e-03 3.490000e-04
7.412827e-03 3.610000e-04
7.629157e-03 3.730000e-04
7.845982e-03 3.850000e-04
8.063402e-03 3.970000e-04
8.281506e-03 4.090000e-04
8.500381e-03 4.210000e-04
8.720105e-03 4.330000e-04
8.940752e-03 4.450000e-04
9.162394e-03 4.570000e-04
9.385099e-03 4.690000e-04
9.608935e-03 4.810000e-04
9.833968e-03 4.930000e-04
9.982990e-03 5.010000e-04
1.036222e-02 5.210000e-04
1.074540e-02 5.410000e-04
1.113286e-02 5.610000e-04
1.152497e-02 5.810000e-04
1.192214e-02 6.010000e-04
1.232485e-02 6.210000e-04
1.273365e-02 6.410000e-04
1.314920e-02 6.610000e-04
1.357227e-02 6.810000e-04
1.400385e-02 7.010000e-04
1.444510e-02 7.210000e-04
1.489753e-02 7.410000e-04
1.536305e-02 7.610000e-04
1.584410e-02 7.810000e-04
1.634392e-02 8.010000e-04
1.686680e-02 8.210000e-04
1.741855e-02 8.410000e-04
1.800707e-02 8.610000e-04
1.864320e-02 8.810000e-04
1.934172e-02 9.010000e-04
2.012246e-02 9.210000e-04
2.101084e-02 9.410000e-04
2.203696e-02 9.610000e-04
2.323175e-02 9.810000e-04
2.462001e-02 1.001000e-03
2.621310e-02 1.021000e-03
2.800619e-02 1.041000e-03
2.998198e-02 1.061000e-03
3.211723e-02 1.081000e-03
3.438828e-02 1.101000e-03
3.677378e-02 1.121000e-03
3.925567e-02 1.141000e-03
4.181912e-02 1.161000e-03
4.445212e-02 1.181000e-03
4.714496e-02 1.201000e-03
4.988979e-02 1.221000e-03
5.268021e-02 1.241000e-03
5.551100e-02 1.261000e-03
5.837786e-02 1.281000e-03
6.127721e-02 1.301000e-03
6.420606e-02 1.321000e-03
6.716188e-02 1.341000e-03
7.014255e-02 1.361000e-03
7.314623e-02 1.381000e-03
7.617137e-02 1.401000e-03
7.921660e-02 1.421000e-03
8.228074e-02 1.441000e-03
8.536278e-02 1.461000e-03
8.846181e-02 1.481000e-03
9.157703e-02 1.501000e-03
9.470774e-02 1.521000e-03
9.785332e-02 1.541000e-03
1.010132e-01 1.561000e-03
1.041869e-01 1.581000e-03
1.073740e-01 1.601000e-03
1.105741e-01 1.621000e-03
1.137867e-01 1.641000e-03
1.170117e-01 1.661000e-03
1.202486e-01 1.681000e-03
1.234973e-01 1.701000e-03
1.267574e-01 1.721000e-03
1.300289e-01 1.741000e-03
1.333114e-01 1.761000e-03
1.366048e-01 1.781000e-03
1.399089e-01 1.801000e-03
1.432236e-01 1.821000e-03
1.465488e-01 1.841000e-03
1.498844e-01 1.861000e-03
1.532301e-01 1.881000e-03
1.565860e-01 1.901000e-03
1.599520e-01 1.921000e-03
1.633280e-01 1.941000e-03
1.667139e-01 1.961000e-03
1.701096e-01 1.981000e-03
1.735152e-01 2.001000e-03
1.769306e-01 2.021000e-03
1.803558e-01 2.041000e-03
1.837908e-01 2.061000e-03
1.872355e-01 2.081000e-03
1.906899e-01 2.101000e-03
1.941542e-01 2.121000e-03
1.976282e-01 2.141000e-03
2.011121e-01 2.161000e-03
2.046058e-01 2.181000e-03
2.081094e-01 2.201000e-03
2.116231e-01 2.221000e-03
2.151467e-01 2.241000e-03
2.186806e-01 2.261000e-03
2.222246e-01 2.281000e-03
2.257791e-01 2.301000e-03
2.293440e-01 2.321000e-03
2.329196e-01 2.341000e-03
2.365060e-01 2.361000e-03
2.401034e-01 2.381000e-03
2.437119e-01 2.401000e-03
2.473320e-01 2.421000e-03
2.509637e-01 2.441000e-03
2.546075e-01 2.461000e-03
2.582635e-01 2.481000e-03
2.619323e-01 2.501000e-03
2.656141e-01 2.521000e-03
2.693094e-01 2.541000e-03
2.730187e-01 2.561000e-03
2.767425e-01 2.581000e-03
2.804815e-01 2.601000e-03
2.842362e-01 2.621000e-03
2.880073e-01 2.641000e-03
2.917957e-01 2.661000e-03
2.956022e-01 2.681000e-03
2.994276e-01 2.701000e-03
3.032731e-01 2.721000e-03
3.071396e-01 2.741000e-03
3.110283e-01 2.761000e-03
3.149406e-01 2.781000e-03
3.188776e-01 2.801000e-03
3.228410e-01 2.821000e-03
3.268323e-01 2.841000e-03
3.308530e-01 2.861000e-03
3.349050e-01 2.881000e-03
3.389902e-01 2.901000e-03
3.431105e-01 2.921000e-03
3.472680e-01 2.941000e-03
3.514650e-01 2.961000e-03
3.557038e-01 2.981000e-03
3.599870e-01 3.001000e-03
3.643172e-01 3.021000e-03
3.686973e-01 3.041000e-03
3.731302e-01 3.061000e-03
3.776193e-01 3.081000e-03
3.821678e-01 3.101000e-03
3.867797e-01 3.121000e-03
3.914587e-01 3.141000e-03
3.962093e-01 3.161000e-03
4.010362e-01 3.181000e-03
4.059443e-01 3.201000e-03
4.109393e-01 3.221000e-03
4.160272e-01 3.241000e-03
4.212146e-01 3.261000e-03
4.265089e-01 3.281000e-03
4.319182e-01 3.301000e-03
4.374513e-01 3.321000e-03
4.431182e-01 3.341000e-03
4.489300e-01 3.361000e-03
4.548989e-01 3.381000e-03
4.610386e-01 3.401000e-03
4.674645e-01 3.421000e-03
4.740032e-01 3.441000e-03
4.807657e-01 3.461000e-03
4.877735e-01 3.481000e-03
4.950509e-01 3.501000e-03
5.026249e-01 3.521000e-03
5.105254e-01 3.541000e-03
5.187857e-01 3.561000e-03
5.274419e-01 3.581000e-03
5.365334e-01 3.601000e-03
5.461019e-01 3.621000e-03
5.561910e-01 3.641000e-03
5.668448e-01 3.661000e-03
5.781062e-01 3.681000e-03
5.900149e-01 3.701000e-03
6.026046e-01 3.721000e-03
6.159007e-01 3.741000e-03
6.299186e-01 3.761000e-03
6.446619e-01 3.781000e-03
6.601230e-01 3.801000e-03
6.762839e-01 3.821000e-03
6.931188e-01 3.841000e-03
7.105969e-01 3.861000e-03
7.286849e-01 3.881000e-03
7.473494e-01 3.901000e-03
7.665586e-01 3.921000e-03
7.862834e-01 3.941000e-03
8.064973e-01 3.961000e-03
8.271765e-01 3.981000e-03
8.482999e-01 4.001000e-03
8.698482e-01 4.021000e-03
8.918037e-01 4.041000e-03
9.141496e-01 4.061000e-03
9.368700e-01 4.081000e-03
9.599498e-01 4.101000e-03
9.833745e-01 4.121000e-03
1.007130e+00 4.141000e-03
1.031202e+00 4.161000e-03
1.055428e+00 4.181000e-03
1.080099e+00 4.201000e-03
1.105048e+00 4.221000e-03
1.130261e+00 4.241000e-03
1.155725e+00 4.261000e-03
1.181428e+00 4.281000e-03
1.207359e+00 4.301000e-03
1.233504e+00 4.321000e-03
1.259854e+00 4.341000e-03
1.286398e+00 4.361000e-03
1.313124e+00 4.381000e-03
1.340022e+00 4.401000e-03
1.367084e+00 4.421000e-03
1.394298e+00 4.441000e-03
1.421658e+00 4.461000e-03
1.449153e+00 4.481000e-03
1.476775e+00 4.501000e-03
1.504517e+00 4.521000e-03
1.532371e+00 4.541000e-03
1.560329e+00 4.561000e-03
1.588386e+00 4.581000e-03
1.616534e+00 4.601000e-03
1.644766e+00 4.621000e-03
1.673078e+00 4.641000e-03
1.701463e+00 4.661000e-03
1.729915e+00 4.681000e-03
1.758431e+00 4.701000e-03
1.787004e+00 4.721000e-03
1.815630e+00 4.741000e-03
1.844305e+00 4.761000e-03
1.873024e+00 4.781000e-03
1.901784e+00 4.801000e-03
1.930580e+00 4.821000e-03
1.959409e+00 4.841000e-03
1.988268e+00 4.861000e-03
2.017153e+00 4.881000e-03
2.046062e+00 4.901000e-03
2.074990e+00 4.921000e-03
2.103936e+00 4.941000e-03
2.132897e+00 4.961000e-03
2.161870e+00 4.981000e-03
2.190853e+00 5.001000e-03
2.219843e+00 5.021000e-03
2.248839e+00 5.041000e-03
2.277838e+00 5.061000e-03
2.306838e+00 5.081000e-03
2.335838e+00 5.101000e-03
2.364836e+00 5.121000e-03
2.393830e+00 5.141000e-03
2.422818e+00 5.161000e-03
2.451799e+00 5.181000e-03
2.480772e+00 5.201000e-03
2.509735e+00 5.221000e-03
2.538687e+00 5.241000e-03
2.567626e+00 5.261000e-03
2.596552e+00 5.281000e-03
2.625464e+00 5.301000e-03
2.654359e+00 5.321000e-03
2.683238e+00 5.341000e-03
2.712100e+00 5.361000e-03
2.740943e+00 5.381000e-03
2.769766e+00 5.401000e-03
2.798569e+00 5.421000e-03
2.827351e+00 5.441000e-03
2.856112e+00 5.461000e-03
2.884850e+00 5.481000e-03
2.913565e+00 5.501000e-03
2.942256e+00 5.521000e-03
2.970923e+00 5.541000e-03
2.999565e+00 5.561000e-03
3.028182e+00 5.581000e-03
3.056773e+00 5.601000e-03
3.085337e+00 5.621000e-03
3.113875e+00 5.641000e-03
3.142385e+00 5.661000e-03
3.170868e+00 5.681000e-03
3.199322e+00 5.701000e-03
3.227749e+00 5.721000e-03
3.256146e+00 5.741000e-03
3.284514e+00 5.761000e-03
3.312853e+00 5.781000e-03
3.341162e+00 5.801000e-03
3.369441e+00 5.821000e-03
3.397690e+00 5.841000e-03
3.425909e+00 5.861000e-03
3.454096e+00 5.881000e-03
3.482253e+00 5.901000e-03
3.510379e+00 5.921000e-03
3.538473e+00 5.941000e-03
3.566536e+00 5.961000e-03
3.594568e+00 5.981000e-03
