# t  col1   (model VDD0P8_PLL port current, decimated from real TB itrans; VCO->NDIV path, 20pF decap)
0  3.69524e-05
6.46165e-10  -9.88862e-06
8.81954e-10  0.000772646
1.44672e-09  -9.74944e-06
1.61682e-09  0.0008207
3.04492e-09  -7.1916e-06
3.21638e-09  0.000818947
3.44502e-09  -6.95461e-06
4.8178e-09  0.000798417
5.44634e-09  -5.46173e-06
5.76882e-09  0.000838841
6.24584e-09  -4.99592e-06
6.4203e-09  0.000810574
6.64691e-09  -4.03606e-06
8.02091e-09  0.000796107
9.4445e-09  -3.18725e-06
9.61972e-09  0.000806694
9.84657e-09  -3.4778e-06
1.12244e-08  0.000795584
1.18452e-08  -3.79561e-06
1.22336e-08  0.000830796
1.26445e-08  -3.04341e-06
1.2821e-08  0.00080236
1.30464e-08  -3.4585e-06
1.44241e-08  0.000793896
1.58471e-08  -3.18851e-06
1.60205e-08  0.000805962
1.62446e-08  -3.05305e-06
1.85714e-08  0.000805271
1.90445e-08  -2.35065e-06
1.9221e-08  0.000805776
1.94447e-08  -2.04698e-06
2.08215e-08  0.000796445
2.22476e-08  -3.10743e-06
2.2422e-08  0.00080973
2.26446e-08  -2.33765e-06
2.40212e-08  0.000799655
2.46469e-08  -3.48729e-06
2.50571e-08  0.000196363
2.50938e-08  0.00104343
2.54457e-08  -2.33058e-06
2.56207e-08  0.000803062
2.58447e-08  -2.22035e-06
2.72218e-08  0.000796809
2.8647e-08  -3.24833e-06
2.88198e-08  0.000807991
2.90451e-08  -3.29948e-06
3.04181e-08  0.000787765
3.10473e-08  -2.87063e-06
3.137e-08  0.000830399
3.18444e-08  -2.55007e-06
3.36235e-08  0.000800109
3.50478e-08  -3.04347e-06
3.52207e-08  0.0008157
3.54446e-08  -3.50128e-06
3.68227e-08  0.000804667
3.82459e-08  -2.93288e-06
3.84201e-08  0.000811757
3.86449e-08  -2.75831e-06
4.00207e-08  0.000802152
4.14473e-08  -2.84492e-06
4.16174e-08  0.000807236
4.1846e-08  -2.96806e-06
4.32219e-08  0.000806772
4.38464e-08  -3.01436e-06
4.41679e-08  0.000830797
4.4646e-08  -2.77961e-06
4.48174e-08  0.000806403
4.5044e-08  -1.56401e-06
4.64192e-08  0.00080255
4.78442e-08  -2.46043e-06
4.80174e-08  0.000813015
4.82438e-08  -1.83029e-06
4.96221e-08  0.000809849
5.02451e-08  -3.07627e-06
5.07543e-08  0.00110795
5.10468e-08  -5.73568e-07
5.12236e-08  0.000905173
5.14456e-08  -5.78452e-06
5.28233e-08  0.000813328
5.42475e-08  -6.08356e-06
5.44233e-08  0.000822722
5.46451e-08  -6.09495e-06
5.60225e-08  0.000820872
5.66468e-08  -6.7381e-06
5.69686e-08  0.000859177
5.7445e-08  -6.39703e-06
5.76191e-08  0.000825659
5.78452e-08  -6.10373e-06
5.9221e-08  0.00082027
6.06465e-08  -6.772e-06
6.08215e-08  0.000833734
6.10443e-08  -6.12473e-06
6.16846e-08  0.000736574
6.22455e-08  -6.69446e-06
6.24207e-08  0.000825749
6.30447e-08  -6.05717e-06
6.34287e-08  0.000861866
6.3846e-08  -6.44553e-06
6.40225e-08  0.00082489
6.42463e-08  -6.44112e-06
6.48843e-08  0.000762644
6.54477e-08  -6.18555e-06
6.56215e-08  0.000823539
6.70465e-08  -6.89281e-06
6.72175e-08  0.000831082
6.74463e-08  -6.86189e-06
6.80841e-08  0.000736819
6.865e-08  -3.33798e-06
6.88203e-08  0.000826953
6.94456e-08  -6.81773e-06
6.97657e-08  0.000856697
7.02465e-08  -6.2701e-06
7.04203e-08  0.000835543
7.06463e-08  -6.80891e-06
7.12853e-08  0.00076592
7.18455e-08  -6.33869e-06
7.20209e-08  0.000827637
7.2143e-08  3.27026e-05
7.29341e-08  0.000785626
7.34443e-08  -5.54192e-06
7.36189e-08  0.000840913
7.38e-08  1.04805e-05
7.44833e-08  0.000741559
7.5046e-08  -6.6249e-06
7.52202e-08  0.000830953
7.58464e-08  -6.77151e-06
7.62502e-08  0.000190498
7.62892e-08  0.00104491
7.66457e-08  -5.76575e-06
7.68218e-08  0.000829886
7.70455e-08  -5.74597e-06
7.76858e-08  0.000763815
7.82469e-08  -6.15028e-06
7.84192e-08  0.000823069
7.9848e-08  -5.76609e-06
8.00202e-08  0.000839539
8.02461e-08  -6.98514e-06
8.08847e-08  0.000738038
8.145e-08  -3.39647e-06
8.16213e-08  0.000830025
8.22455e-08  -6.20681e-06
8.25654e-08  0.000877439
8.3045e-08  -5.14145e-06
8.32202e-08  0.000838386
8.34453e-08  -6.50283e-06
8.40822e-08  0.000767748
8.465e-08  -3.31908e-06
8.48213e-08  0.000829707
8.49415e-08  3.29898e-05
8.57345e-08  0.000795784
8.62444e-08  -5.90581e-06
8.64208e-08  0.000839794
8.66448e-08  -6.76264e-06
8.90261e-08  0.000834092
8.94461e-08  -6.04657e-06
8.96203e-08  0.000839724
8.98451e-08  -6.66851e-06
9.04839e-08  0.000773156
9.10465e-08  -6.88188e-06
9.12207e-08  0.00083286
9.13426e-08  3.21345e-05
9.21305e-08  0.000787375
9.2646e-08  -6.47927e-06
9.28193e-08  0.000845555
9.30445e-08  -6.84842e-06
9.36843e-08  0.000742621
9.42458e-08  -6.17735e-06
9.44208e-08  0.000834919
9.50455e-08  -7.09086e-06
9.53642e-08  0.000870601
9.74464e-08  -6.10097e-06
9.77201e-08  0.000825461
9.77826e-08  0.00201197
9.78054e-08  0.000971907
9.82468e-08  -3.2217e-06
9.84668e-08  0.0011342
9.86462e-08  0.00019534
9.88878e-08  0.000937954
9.89457e-08  5.71979e-05
9.98465e-08  -1.31808e-06
1.00235e-07  0.00113485
1.01046e-07  2.98563e-06
1.02424e-07  0.000796483
1.03847e-07  -4.39471e-07
1.04018e-07  0.000810509
1.05445e-07  -1.36408e-06
1.05621e-07  0.000813494
1.06245e-07  -2.35153e-06
1.06566e-07  0.000861343
1.07046e-07  -2.13165e-06
1.07218e-07  0.000823199
1.07447e-07  -2.14582e-06
1.08819e-07  0.000816659
1.10245e-07  -2.29053e-06
1.10417e-07  0.000832467
1.10645e-07  -3.09966e-06
1.11282e-07  0.00073383
1.1185e-07  -4.10822e-07
1.12019e-07  0.000824557
1.12644e-07  -2.88803e-06
1.13024e-07  0.000869255
1.13444e-07  -1.40965e-06
1.13618e-07  0.000830592
1.13845e-07  -1.63811e-06
1.15218e-07  0.000818965
1.16647e-07  -3.35423e-06
1.16819e-07  0.000835257
1.17045e-07  -3.53447e-06
1.17683e-07  0.000731492
1.18248e-07  -3.15605e-06
1.18418e-07  0.000823861
1.19046e-07  -3.21599e-06
1.19364e-07  0.000860542
1.19845e-07  -2.94197e-06
1.20015e-07  0.000826286
1.20247e-07  -3.22091e-06
1.20881e-07  0.000764796
1.21448e-07  -2.60547e-06
1.2162e-07  0.000825189
1.23046e-07  -2.29802e-06
1.23216e-07  0.000836924
1.23445e-07  -3.40337e-06
1.24081e-07  0.000738452
1.24647e-07  -3.29442e-06
1.24819e-07  0.000829703
1.25446e-07  -2.62089e-06
1.25847e-07  0.000197622
1.25884e-07  0.00103539
1.26245e-07  -2.56831e-06
1.26417e-07  0.000832302
1.26644e-07  -1.66535e-06
1.2802e-07  0.000824915
1.29447e-07  -3.50885e-06
1.29616e-07  0.000835447
1.298e-07  1.41118e-05
1.30483e-07  0.000733948
1.31046e-07  -2.6796e-06
1.3122e-07  0.000828499
1.31848e-07  -2.79167e-06
1.32162e-07  0.000876885
1.32646e-07  -2.1824e-06
1.32818e-07  0.000836621
1.33045e-07  -2.1959e-06
1.34421e-07  0.000824112
1.35847e-07  -3.68132e-06
1.36016e-07  0.000838375
1.36246e-07  -2.01782e-06
1.38621e-07  0.0008366
1.39045e-07  -1.67453e-06
1.39221e-07  0.000830036
1.39444e-07  -2.62319e-06
1.4008e-07  0.000765912
1.40649e-07  -2.22671e-06
1.4082e-07  0.000827512
1.42246e-07  -2.55006e-06
1.42416e-07  0.000840562
1.426e-07  1.39448e-05
1.4328e-07  0.000740171
1.43848e-07  -3.21316e-06
1.44017e-07  0.000829428
1.44646e-07  -3.74263e-06
1.44961e-07  0.000865428
1.45444e-07  -2.87083e-06
1.45618e-07  0.000840194
1.45846e-07  -3.37802e-06
1.46481e-07  0.000772058
1.4705e-07  -7.71708e-07
1.47218e-07  0.000829809
1.47344e-07  3.33256e-05
1.48131e-07  0.000794322
1.48648e-07  -2.96568e-06
1.48815e-07  0.000837209
1.48997e-07  1.45996e-05
1.49681e-07  0.000744211
1.50247e-07  -3.85061e-06
1.50417e-07  0.000831795
1.51045e-07  -2.59324e-06
1.51542e-07  0.00109753
1.51846e-07  2.23737e-07
1.5202e-07  0.000933894
1.52245e-07  -7.39564e-06
1.52884e-07  0.000772089
1.5345e-07  -2.57996e-06
1.53619e-07  0.000837051
1.53743e-07  3.17944e-05
1.54528e-07  0.000795566
1.55045e-07  -5.12692e-06
1.55216e-07  0.000851371
1.55394e-07  1.27392e-05
1.56081e-07  0.000751188
1.5665e-07  -3.02899e-06
1.56818e-07  0.000843679
1.57446e-07  -5.64445e-06
1.57762e-07  0.000895258
1.58246e-07  -5.31488e-06
1.58418e-07  0.000850785
1.58644e-07  -4.96535e-06
1.59279e-07  0.000778868
1.59848e-07  -5.54248e-06
1.60019e-07  0.000844395
1.60142e-07  3.03656e-05
1.60931e-07  0.000811081
1.61446e-07  -6.63566e-06
1.61616e-07  0.000857376
1.61797e-07  1.09532e-05
1.62479e-07  0.000753527
1.63049e-07  -5.63136e-06
1.63219e-07  0.000848766
1.63845e-07  -6.97999e-06
1.64222e-07  0.00089147
1.64645e-07  -5.38853e-06
1.64816e-07  0.000850681
1.65046e-07  -6.85742e-06
1.65682e-07  0.000779331
1.66247e-07  -6.58464e-06
1.6642e-07  0.000844452
1.6654e-07  3.15544e-05
1.67327e-07  0.000802154
1.67845e-07  -5.97618e-06
1.68015e-07  0.000855773
1.682e-07  1.00779e-05
1.68881e-07  0.000755322
1.69449e-07  -5.34725e-06
1.69618e-07  0.000850096
1.70247e-07  -6.78304e-06
1.70561e-07  0.000884
1.71043e-07  -6.01948e-06
1.71216e-07  0.000856328
1.71446e-07  -6.28395e-06
1.7208e-07  0.000786909
1.7265e-07  -4.07636e-06
1.72818e-07  0.000849948
1.7294e-07  3.02511e-05
1.7373e-07  0.000812641
1.74244e-07  -6.07537e-06
1.74418e-07  0.000863144
1.74597e-07  1.08498e-05
1.75281e-07  0.000758696
1.75847e-07  -6.96423e-06
1.76017e-07  0.000850527
1.76645e-07  -6.54827e-06
1.77044e-07  0.000197718
1.77084e-07  0.00103232
1.77445e-07  -5.24591e-06
1.77619e-07  0.000853416
1.77844e-07  -5.86836e-06
1.78482e-07  0.000780837
1.79049e-07  -5.26722e-06
1.79216e-07  0.000840329
1.79339e-07  3.18896e-05
1.80127e-07  0.000805806
1.80647e-07  -6.24989e-06
1.80818e-07  0.000860445
1.81e-07  1.02051e-05
1.81681e-07  0.000756359
1.82249e-07  -5.89753e-06
1.82417e-07  0.000849202
1.83045e-07  -5.53809e-06
1.83361e-07  0.000899781
1.83845e-07  -6.64996e-06
1.84018e-07  0.000859277
1.84244e-07  -6.39718e-06
1.84879e-07  0.000785655
1.8545e-07  -3.9112e-06
1.85618e-07  0.000851028
1.85741e-07  2.95111e-05
1.8653e-07  0.000820336
1.87045e-07  -6.64759e-06
1.87218e-07  0.00086437
1.87447e-07  -6.94614e-06
1.88079e-07  0.000760219
1.8865e-07  -3.75803e-06
1.88817e-07  0.000852954
1.89445e-07  -6.00968e-06
1.8982e-07  0.0008568
1.90249e-07  -5.19151e-06
1.90418e-07  0.000859659
1.90645e-07  -6.57369e-06
1.91281e-07  0.000789284
1.91845e-07  -6.72394e-06
1.92019e-07  0.000852684
1.92139e-07  3.11236e-05
1.92926e-07  0.000810948
1.93445e-07  -6.97763e-06
1.93618e-07  0.000864647
1.9379e-07  1.38722e-05
1.9448e-07  0.000760356
1.95046e-07  -7.24304e-06
1.95219e-07  0.00085504
1.95844e-07  -6.5853e-06
1.9616e-07  0.000888684
1.98246e-07  -6.41807e-06
1.98515e-07  0.000846432
1.98579e-07  0.00206283
1.986e-07  0.000996794
1.98944e-07  4.18354e-05
1.99264e-07  0.00116446
1.99446e-07  0.000195875
2.00007e-07  0.00062066
