# t  col1   (MODEL VDD0P8_PLL voltage, decimated from real TB itrans; VCO->NDIV path, 20pF decap; 0..300ns)
0  0.799996
3.125e-12  0.800414
1.56279e-09  0.793714
1.65981e-09  0.79055
2.36254e-09  0.790724
2.86141e-09  0.785236
3.9625e-09  0.785516
4.1309e-09  0.782424
5.25928e-09  0.780491
5.56532e-09  0.782733
6.06259e-09  0.777054
7.16582e-09  0.779613
7.33335e-09  0.776733
8.76553e-09  0.779016
9.25886e-09  0.775327
1.03666e-08  0.778282
1.12588e-08  0.775416
1.19656e-08  0.778409
1.2459e-08  0.772526
1.3564e-08  0.776588
1.40598e-08  0.773931
1.51652e-08  0.777425
1.56593e-08  0.774092
1.83638e-08  0.778371
1.88624e-08  0.773616
1.99663e-08  0.777473
2.08596e-08  0.775066
2.15663e-08  0.778351
2.20615e-08  0.774923
2.47641e-08  0.7793
2.52582e-08  0.772423
2.63653e-08  0.77715
2.72596e-08  0.774981
2.79638e-08  0.778478
2.84608e-08  0.775228
3.11636e-08  0.779957
3.16621e-08  0.775259
3.27663e-08  0.779241
3.36593e-08  0.776855
3.43657e-08  0.780191
3.48597e-08  0.776779
3.75649e-08  0.781175
3.80593e-08  0.775528
3.83657e-08  0.778637
3.96594e-08  0.777229
3.99656e-08  0.780039
4.00598e-08  0.777525
4.07661e-08  0.780871
4.12608e-08  0.777525
4.3966e-08  0.781971
4.44623e-08  0.777158
4.55636e-08  0.781147
4.64592e-08  0.778663
4.71657e-08  0.782017
4.76612e-08  0.778499
5.03634e-08  0.782901
5.07628e-08  0.778749
5.08581e-08  0.774469
5.11648e-08  0.777314
5.12594e-08  0.774419
5.35657e-08  0.779835
5.40609e-08  0.776812
5.51637e-08  0.781206
5.60604e-08  0.779074
5.67632e-08  0.782597
5.72615e-08  0.7768
5.83634e-08  0.781421
5.92591e-08  0.779254
5.99642e-08  0.782825
6.04607e-08  0.779416
6.31641e-08  0.784276
6.36584e-08  0.777446
6.39654e-08  0.780775
6.40617e-08  0.778173
6.47647e-08  0.782121
6.56596e-08  0.780003
6.63647e-08  0.783573
6.68623e-08  0.780213
6.95639e-08  0.785056
7.0063e-08  0.780137
7.11644e-08  0.78428
7.20603e-08  0.781799
7.27649e-08  0.785183
7.32597e-08  0.781543
7.59641e-08  0.786077
7.64571e-08  0.778051
7.67651e-08  0.781504
7.68599e-08  0.778789
7.91635e-08  0.78463
7.96587e-08  0.781271
8.23653e-08  0.786304
8.28598e-08  0.781431
8.39653e-08  0.785643
8.48591e-08  0.783164
8.55638e-08  0.786569
8.60621e-08  0.78302
8.87623e-08  0.787463
8.92596e-08  0.781753
9.03624e-08  0.786013
9.12606e-08  0.78366
9.19654e-08  0.787065
9.24599e-08  0.783534
9.51647e-08  0.788064
9.5659e-08  0.782836
9.7562e-08  0.786509
9.8057e-08  0.770989
9.83641e-08  0.773804
9.89248e-08  0.768556
9.99632e-08  0.774598
1.00459e-07  0.76521
1.03164e-07  0.779264
1.03662e-07  0.777072
1.03963e-07  0.780506
1.05259e-07  0.781002
1.05566e-07  0.784181
1.05659e-07  0.781686
1.06365e-07  0.785742
1.06862e-07  0.781311
1.07164e-07  0.784492
1.08461e-07  0.78386
1.08763e-07  0.786809
1.08858e-07  0.784291
1.09563e-07  0.787974
1.10061e-07  0.784573
1.12762e-07  0.789683
1.13258e-07  0.783912
1.13564e-07  0.787128
1.13661e-07  0.784515
1.15163e-07  0.788655
1.15258e-07  0.786042
1.15964e-07  0.789516
1.16459e-07  0.786035
1.19164e-07  0.790673
1.19661e-07  0.78564
1.20764e-07  0.789759
1.21261e-07  0.787015
1.22363e-07  0.790593
1.22859e-07  0.786894
1.25563e-07  0.791326
1.26059e-07  0.784519
1.27163e-07  0.788978
1.2806e-07  0.786751
1.28762e-07  0.79026
1.29259e-07  0.786781
1.29563e-07  0.789777
1.30861e-07  0.78808
1.31163e-07  0.790932
1.31262e-07  0.788224
1.31964e-07  0.791512
1.32461e-07  0.786569
1.33563e-07  0.790713
1.3446e-07  0.788188
1.35164e-07  0.791545
1.35661e-07  0.787902
1.38364e-07  0.792266
1.3886e-07  0.786644
1.39162e-07  0.789769
1.39261e-07  0.787103
1.39964e-07  0.7908
1.40861e-07  0.788382
1.41563e-07  0.791753
1.42059e-07  0.788202
1.44764e-07  0.792644
1.45261e-07  0.787592
1.46362e-07  0.791682
1.4726e-07  0.789116
1.47963e-07  0.792444
1.4846e-07  0.788756
1.51164e-07  0.793104
1.51657e-07  0.784683
1.51965e-07  0.787522
1.52062e-07  0.784403
1.52764e-07  0.787852
1.54059e-07  0.786646
1.54363e-07  0.789817
1.54861e-07  0.786602
1.55964e-07  0.791067
1.5686e-07  0.78884
1.57563e-07  0.792374
1.58059e-07  0.786391
1.59162e-07  0.791067
1.60061e-07  0.788803
1.60762e-07  0.792379
1.61258e-07  0.788859
1.61564e-07  0.791852
1.6166e-07  0.78928
1.63162e-07  0.792957
1.63259e-07  0.790314
1.63965e-07  0.793657
1.64458e-07  0.786809
1.64765e-07  0.790114
1.6486e-07  0.787371
1.67163e-07  0.792751
1.67661e-07  0.789269
1.67963e-07  0.792274
1.68061e-07  0.789718
1.69562e-07  0.793393
1.69661e-07  0.790662
1.70365e-07  0.794034
1.70861e-07  0.788987
1.71962e-07  0.793156
1.72861e-07  0.790576
1.73562e-07  0.794002
1.74062e-07  0.790278
1.76762e-07  0.794696
1.77259e-07  0.786754
1.78363e-07  0.791474
1.79259e-07  0.789342
1.79963e-07  0.793057
1.80462e-07  0.789628
1.80763e-07  0.792672
1.8086e-07  0.790108
1.82365e-07  0.793902
1.82461e-07  0.791151
1.83163e-07  0.794608
1.83659e-07  0.789588
1.84762e-07  0.793813
1.8566e-07  0.791218
1.86362e-07  0.794662
1.86858e-07  0.791009
1.89562e-07  0.795385
1.90058e-07  0.789667
1.91163e-07  0.793943
1.9206e-07  0.791384
1.92762e-07  0.794815
1.93262e-07  0.791249
1.95962e-07  0.795663
1.96459e-07  0.790348
1.96762e-07  0.793392
1.9686e-07  0.790934
1.98362e-07  0.794035
1.98659e-07  0.782301
1.98883e-07  0.777841
1.99166e-07  0.781079
1.99726e-07  0.775778
2.00764e-07  0.781882
2.01259e-07  0.772227
2.02366e-07  0.780248
2.02858e-07  0.779547
2.03163e-07  0.783378
2.03259e-07  0.781009
2.03963e-07  0.786386
2.04859e-07  0.78534
2.05563e-07  0.789998
2.06458e-07  0.788737
2.07163e-07  0.792802
2.07661e-07  0.788221
2.08762e-07  0.793184
2.09659e-07  0.791173
2.10362e-07  0.794852
2.10861e-07  0.791395
2.11164e-07  0.794448
2.11261e-07  0.791932
2.12764e-07  0.795728
2.1286e-07  0.793084
2.13562e-07  0.796469
2.14058e-07  0.790709
2.14365e-07  0.793915
2.14461e-07  0.791176
2.16765e-07  0.796133
2.17258e-07  0.792601
2.17564e-07  0.795562
2.17661e-07  0.792978
2.19162e-07  0.796499
2.19261e-07  0.793888
2.19964e-07  0.797171
2.20458e-07  0.792054
2.21564e-07  0.796161
2.2246e-07  0.793574
2.23162e-07  0.796947
2.23659e-07  0.793203
2.23963e-07  0.796146
2.2406e-07  0.793586
2.25562e-07  0.797025
2.2566e-07  0.794272
2.26362e-07  0.79757
2.2686e-07  0.790803
2.27962e-07  0.795143
2.28861e-07  0.792834
2.29562e-07  0.79637
2.30058e-07  0.792851
2.30362e-07  0.795842
2.30462e-07  0.793292
2.31962e-07  0.796904
2.32061e-07  0.794182
2.32762e-07  0.797508
2.33259e-07  0.792504
2.34362e-07  0.79664
2.35261e-07  0.794028
2.35962e-07  0.797401
2.36458e-07  0.793725
2.36762e-07  0.796646
2.36861e-07  0.79405
2.38362e-07  0.797488
2.38459e-07  0.794749
2.39162e-07  0.798035
2.39658e-07  0.792341
2.39965e-07  0.795491
2.4006e-07  0.792726
2.40762e-07  0.796482
2.4166e-07  0.793954
2.42362e-07  0.797381
2.42858e-07  0.793768
2.43162e-07  0.796717
2.43259e-07  0.794143
2.44764e-07  0.797581
2.44858e-07  0.79488
2.45562e-07  0.798165
2.46059e-07  0.793011
2.47162e-07  0.797128
2.4806e-07  0.794477
2.48762e-07  0.797833
2.49259e-07  0.794075
2.49562e-07  0.797005
2.4966e-07  0.794411
2.51162e-07  0.797818
2.51261e-07  0.795139
2.51962e-07  0.798388
2.52457e-07  0.789955
2.52763e-07  0.792755
2.5286e-07  0.789564
2.53565e-07  0.793014
2.54858e-07  0.791792
2.55162e-07  0.794944
2.55658e-07  0.791699
2.56762e-07  0.796165
2.5726e-07  0.793618
2.57562e-07  0.796562
2.57661e-07  0.793846
2.58362e-07  0.797419
2.58859e-07  0.791366
2.59962e-07  0.79605
2.60861e-07  0.79373
2.61562e-07  0.797327
2.62059e-07  0.793738
2.62362e-07  0.796747
2.63658e-07  0.795014
2.63962e-07  0.797867
2.64059e-07  0.795106
2.64762e-07  0.798522
2.65258e-07  0.79168
2.65565e-07  0.794929
2.6566e-07  0.792112
2.66362e-07  0.796186
2.6726e-07  0.793881
2.67962e-07  0.79748
2.68459e-07  0.793925
2.68762e-07  0.796961
2.6886e-07  0.794387
2.70362e-07  0.798047
2.70461e-07  0.795335
2.71162e-07  0.798697
2.71658e-07  0.793571
2.72763e-07  0.79776
2.73659e-07  0.795134
2.74362e-07  0.798562
2.74862e-07  0.79476
2.75164e-07  0.797688
2.7526e-07  0.795087
2.76761e-07  0.798563
2.76861e-07  0.795893
2.77563e-07  0.799156
2.78058e-07  0.791268
2.79163e-07  0.79581
2.8006e-07  0.793706
2.80764e-07  0.797407
2.81258e-07  0.793903
2.81563e-07  0.796971
2.81661e-07  0.794361
2.83162e-07  0.798161
2.83261e-07  0.795484
2.83963e-07  0.798869
2.84459e-07  0.793816
2.85562e-07  0.798065
2.86459e-07  0.795436
2.87162e-07  0.79884
2.87659e-07  0.795145
2.87962e-07  0.798103
2.88061e-07  0.795494
2.89562e-07  0.798958
2.8966e-07  0.796211
2.90362e-07  0.799515
2.90858e-07  0.793799
2.91962e-07  0.797961
2.92859e-07  0.795396
2.93562e-07  0.798831
2.94059e-07  0.795179
2.94362e-07  0.798164
2.94461e-07  0.79555
2.95962e-07  0.799034
2.9606e-07  0.796283
2.96762e-07  0.799604
2.97258e-07  0.794242
2.97564e-07  0.797325
2.97662e-07  0.794733
2.99162e-07  0.797864
2.99456e-07  0.786116
2.99678e-07  0.781578
3.00005e-07  0.783737
