# t  col1   (REAL LDO VDD0P8_PLL voltage, decimated from real TB itrans; VCO->NDIV path, 20pF decap; 0..300ns)
0  0.799934
1.70495e-10  0.800423
6.98014e-10  0.798022
9.95384e-10  0.793945
2.3754e-09  0.787614
2.55563e-09  0.783867
3.97365e-09  0.777692
4.1512e-09  0.774525
5.57563e-09  0.769112
6.07048e-09  0.762472
7.17668e-09  0.759303
7.35124e-09  0.756309
7.97558e-09  0.755366
8.06878e-09  0.753145
8.77497e-09  0.752231
8.9954e-09  0.748676
9.57524e-09  0.748041
9.66998e-09  0.745864
1.19756e-08  0.739832
1.24716e-08  0.733542
1.35723e-08  0.732592
1.37524e-08  0.730071
1.43737e-08  0.730237
1.45538e-08  0.728141
1.51738e-08  0.728759
1.53998e-08  0.725786
1.59757e-08  0.726257
1.60686e-08  0.724411
1.8377e-08  0.722784
1.88651e-08  0.718417
1.99748e-08  0.719395
2.09527e-08  0.716738
2.15738e-08  0.718393
2.20679e-08  0.715584
2.31751e-08  0.717377
2.41542e-08  0.715426
2.4775e-08  0.717519
2.5311e-08  0.712334
2.79745e-08  0.716136
2.84658e-08  0.714062
2.95756e-08  0.71721
3.00661e-08  0.715768
3.11721e-08  0.718989
3.16667e-08  0.715879
3.43749e-08  0.721648
3.45993e-08  0.719624
3.59724e-08  0.72342
3.69512e-08  0.722946
3.75764e-08  0.725902
3.80666e-08  0.722264
4.07729e-08  0.728921
4.09993e-08  0.726778
4.39744e-08  0.733766
4.44705e-08  0.730753
4.55752e-08  0.734694
4.57544e-08  0.732897
4.71728e-08  0.737361
4.76705e-08  0.7355
5.0373e-08  0.741901
5.07726e-08  0.739396
5.09524e-08  0.73558
5.11773e-08  0.737359
5.1667e-08  0.735786
5.3575e-08  0.741111
5.37972e-08  0.738905
5.5173e-08  0.74372
5.53529e-08  0.741908
5.59746e-08  0.744968
5.607e-08  0.743355
5.67741e-08  0.746735
5.72698e-08  0.742687
5.8373e-08  0.746909
5.85527e-08  0.745077
5.99736e-08  0.749792
6.01948e-08  0.747464
6.07724e-08  0.750141
6.08702e-08  0.748489
6.31736e-08  0.754305
6.36653e-08  0.749219
6.39753e-08  0.751626
6.40663e-08  0.749922
6.4773e-08  0.753319
6.49524e-08  0.751387
6.55759e-08  0.754283
6.567e-08  0.752604
6.63729e-08  0.755851
6.65975e-08  0.753487
6.9573e-08  0.759753
7.00683e-08  0.7563
7.11759e-08  0.759983
7.13559e-08  0.757991
7.27738e-08  0.76197
7.327e-08  0.75968
7.59762e-08  0.764863
7.62911e-08  0.76247
7.64704e-08  0.758463
7.75742e-08  0.762247
7.77531e-08  0.760184
7.91738e-08  0.764261
7.93943e-08  0.761855
7.99725e-08  0.764261
8.00711e-08  0.762507
8.23727e-08  0.767266
8.28659e-08  0.763738
8.39738e-08  0.767113
8.41526e-08  0.76503
8.5576e-08  0.768669
8.57953e-08  0.766201
8.63742e-08  0.768414
8.64683e-08  0.766594
8.8774e-08  0.770822
8.927e-08  0.766463
8.95739e-08  0.768624
8.96672e-08  0.766775
9.03733e-08  0.769714
9.05535e-08  0.767586
9.11736e-08  0.770036
9.12673e-08  0.768251
9.19767e-08  0.771047
9.24704e-08  0.768634
9.51775e-08  0.772866
9.56709e-08  0.768879
9.59726e-08  0.770976
9.60681e-08  0.769144
9.67761e-08  0.771994
9.69539e-08  0.769639
9.75764e-08  0.771643
9.8115e-08  0.756172
9.83763e-08  0.758347
9.85183e-08  0.755088
9.87753e-08  0.755499
9.89161e-08  0.752916
9.99771e-08  0.756667
1.00555e-07  0.747647
1.03175e-07  0.757716
1.03397e-07  0.755693
1.06375e-07  0.765027
1.06868e-07  0.761934
1.07174e-07  0.764408
1.0727e-07  0.762729
1.08775e-07  0.767525
1.08868e-07  0.765838
1.09573e-07  0.769218
1.10071e-07  0.767218
1.12776e-07  0.773293
1.13269e-07  0.768991
1.15973e-07  0.774626
1.16468e-07  0.772387
1.19175e-07  0.777277
1.19668e-07  0.773504
1.20774e-07  0.776761
1.20954e-07  0.774637
1.22374e-07  0.778067
1.2287e-07  0.775496
1.25577e-07  0.779581
1.2607e-07  0.773939
1.27174e-07  0.777155
1.27353e-07  0.774991
1.28775e-07  0.778369
1.29e-07  0.775813
1.29574e-07  0.777946
1.29669e-07  0.7761
1.31976e-07  0.779855
1.3247e-07  0.77601
1.33574e-07  0.778963
1.33754e-07  0.776765
1.35175e-07  0.77987
1.35668e-07  0.777243
1.38372e-07  0.780776
1.38867e-07  0.776249
1.41573e-07  0.779905
1.42066e-07  0.77733
1.44774e-07  0.780784
1.45271e-07  0.776787
1.46373e-07  0.779553
1.46552e-07  0.777374
1.47974e-07  0.780285
1.48471e-07  0.777538
1.51173e-07  0.780868
1.51492e-07  0.778078
1.5167e-07  0.773375
1.51974e-07  0.775059
1.52066e-07  0.772948
1.52467e-07  0.772693
1.52774e-07  0.774855
1.53271e-07  0.772634
1.54375e-07  0.775955
1.54867e-07  0.773534
1.55175e-07  0.775679
1.55271e-07  0.773829
1.56774e-07  0.777097
1.56867e-07  0.775224
1.57576e-07  0.777991
1.58067e-07  0.773157
1.59176e-07  0.776427
1.59354e-07  0.774246
1.60777e-07  0.777694
1.61e-07  0.775135
1.61575e-07  0.777272
1.6167e-07  0.77541
1.63974e-07  0.779297
1.64467e-07  0.773597
1.64774e-07  0.775774
1.64867e-07  0.773873
1.65573e-07  0.776822
1.65753e-07  0.77466
1.66375e-07  0.777109
1.6647e-07  0.77528
1.67177e-07  0.778096
1.67667e-07  0.775592
1.70376e-07  0.779679
1.70872e-07  0.775754
1.71973e-07  0.778759
1.72155e-07  0.776549
1.73574e-07  0.779735
1.74068e-07  0.777019
1.76777e-07  0.780733
1.77272e-07  0.773867
1.78377e-07  0.777133
1.78553e-07  0.774958
1.79977e-07  0.778388
1.80468e-07  0.775887
1.80772e-07  0.777982
1.8087e-07  0.776132
1.82376e-07  0.779162
1.82469e-07  0.777275
1.83173e-07  0.779949
1.83668e-07  0.776117
1.84774e-07  0.779137
1.84954e-07  0.776929
1.86376e-07  0.78012
1.86556e-07  0.777586
1.87174e-07  0.779544
1.87266e-07  0.777648
1.89575e-07  0.781191
1.90065e-07  0.776636
1.91174e-07  0.779535
1.91353e-07  0.777341
1.91975e-07  0.779662
1.9207e-07  0.777797
1.92773e-07  0.780441
1.93e-07  0.777824
1.94374e-07  0.780673
1.94551e-07  0.778538
1.95176e-07  0.780774
1.9527e-07  0.778891
1.95975e-07  0.781477
1.96466e-07  0.777306
1.96775e-07  0.779375
1.96871e-07  0.777476
1.97576e-07  0.780188
1.97753e-07  0.777763
1.98375e-07  0.779695
1.98719e-07  0.767703
1.98917e-07  0.763846
1.99178e-07  0.766028
1.99314e-07  0.762704
1.99574e-07  0.763057
1.99715e-07  0.760394
2.00775e-07  0.764028
2.01356e-07  0.754744
2.03972e-07  0.764526
2.04195e-07  0.762476
2.07174e-07  0.771478
2.07672e-07  0.768303
2.07976e-07  0.770765
2.08066e-07  0.769048
2.08774e-07  0.772646
2.08954e-07  0.770693
2.09576e-07  0.773702
2.0967e-07  0.771989
2.10374e-07  0.775371
2.10866e-07  0.773277
2.13572e-07  0.779127
2.14065e-07  0.774793
2.16774e-07  0.780227
2.17271e-07  0.777891
2.17576e-07  0.780078
2.17671e-07  0.778269
2.19177e-07  0.781658
2.19268e-07  0.779826
2.19974e-07  0.782636
2.2047e-07  0.778829
2.21574e-07  0.782034
2.21754e-07  0.779881
2.23176e-07  0.783268
2.23667e-07  0.78065
2.26374e-07  0.784615
2.26872e-07  0.778911
2.27974e-07  0.782111
2.28156e-07  0.779938
2.29574e-07  0.78326
2.29757e-07  0.780685
2.30374e-07  0.782805
2.30468e-07  0.780935
2.32774e-07  0.78465
2.3327e-07  0.780751
2.34374e-07  0.783678
2.34556e-07  0.78151
2.35975e-07  0.784529
2.3647e-07  0.781862
2.39173e-07  0.785358
2.39667e-07  0.780785
2.40774e-07  0.783627
2.4095e-07  0.781437
2.41574e-07  0.783685
2.41668e-07  0.781819
2.42374e-07  0.784417
2.42556e-07  0.781783
2.42871e-07  0.781768
2.43174e-07  0.78379
2.43269e-07  0.781904
2.44774e-07  0.784563
2.44869e-07  0.782677
2.45577e-07  0.785168
2.46071e-07  0.781176
2.47174e-07  0.783955
2.47355e-07  0.781754
2.48774e-07  0.784636
2.49268e-07  0.781861
2.51972e-07  0.785175
2.52292e-07  0.782286
2.5247e-07  0.777573
2.52777e-07  0.779306
2.5287e-07  0.777161
2.53271e-07  0.776942
2.53577e-07  0.779071
2.54066e-07  0.776874
2.55174e-07  0.780182
2.554e-07  0.777627
2.56774e-07  0.780946
2.56954e-07  0.778856
2.57574e-07  0.781272
2.5767e-07  0.779419
2.58374e-07  0.78223
2.58866e-07  0.777339
2.59976e-07  0.780601
2.60154e-07  0.77842
2.61575e-07  0.781895
2.61758e-07  0.77934
2.62376e-07  0.781446
2.62469e-07  0.77956
2.64777e-07  0.783421
2.65266e-07  0.777731
2.67975e-07  0.782191
2.68466e-07  0.77967
2.71174e-07  0.783761
2.71668e-07  0.779799
2.72773e-07  0.782805
2.7295e-07  0.780622
2.74374e-07  0.783795
2.74868e-07  0.781047
2.75173e-07  0.783121
2.75266e-07  0.781238
2.76776e-07  0.784063
2.76867e-07  0.782161
2.77573e-07  0.784767
2.78069e-07  0.777845
2.79175e-07  0.781154
2.79353e-07  0.778958
2.80774e-07  0.782392
2.80958e-07  0.779809
2.81576e-07  0.781986
2.81667e-07  0.780093
2.83974e-07  0.783969
2.84469e-07  0.780072
2.85574e-07  0.783115
2.85755e-07  0.780895
2.87176e-07  0.784068
2.87358e-07  0.781446
2.87667e-07  0.781417
2.88774e-07  0.784305
2.88953e-07  0.782136
2.89576e-07  0.784411
2.8967e-07  0.782513
2.90375e-07  0.785138
2.9087e-07  0.780531
2.91975e-07  0.783466
2.92155e-07  0.781249
2.93576e-07  0.784381
2.93757e-07  0.781705
2.94374e-07  0.783802
2.94466e-07  0.781893
2.95175e-07  0.7846
2.95317e-07  0.782513
2.95974e-07  0.784687
2.96066e-07  0.78277
2.96777e-07  0.785359
2.9727e-07  0.78116
2.97577e-07  0.783226
2.97671e-07  0.781345
2.98374e-07  0.78407
2.98554e-07  0.781629
2.99173e-07  0.783552
2.99603e-07  0.769321
2.99718e-07  0.767606
3.00004e-07  0.769103
