# t  col1
0  3.69506e-05
2.6159e-10  6.99795e-06
3.83941e-10  0.000595693
4.46829e-10  0.000169192
6.5e-10  -9.34477e-06
8.1598e-10  0.000488444
8.5e-10  0.000264654
8.79221e-10  0.000774384
9.47626e-10  0.000116271
1.12435e-09  0.000122235
1.18517e-09  0.000599216
1.25e-09  0.000149095
1.44699e-09  -1.01735e-05
1.57632e-09  0.000213281
1.62277e-09  0.000815437
1.66697e-09  0.000192521
1.84541e-09  -1.01595e-05
1.94601e-09  0.000189406
1.98527e-09  0.000576752
2.14049e-09  2.49607e-05
2.33053e-09  8.87624e-05
2.41958e-09  0.000477044
2.5032e-09  0.000258462
2.5309e-09  0.000766037
2.5992e-09  6.07683e-05
2.72508e-09  0.000118662
2.78675e-09  0.000581386
2.85305e-09  0.000144821
3.04674e-09  -1.07748e-05
3.0487e-09  -9.71931e-06
3.17856e-09  0.000208672
3.22113e-09  0.000811928
3.27426e-09  0.000177784
3.44681e-09  -1.06669e-05
3.58882e-09  0.000556952
3.65e-09  0.000164726
3.8487e-09  -9.04926e-06
4.02058e-09  0.000464639
4.05631e-09  0.00024739
4.08849e-09  0.000703843
4.13952e-09  0.00014909
4.2161e-09  2.46027e-05
4.32705e-09  0.000119045
4.39024e-09  0.000565739
4.45605e-09  0.000141153
4.64843e-09  -9.21961e-06
4.77753e-09  0.000191137
4.82326e-09  0.000779888
4.87204e-09  0.000192591
5.04439e-09  -9.1788e-06
5.18927e-09  0.000544516
5.3426e-09  3.07736e-05
5.53366e-09  8.67429e-05
5.62304e-09  0.000454025
5.7123e-09  0.000200421
5.7771e-09  0.000761871
5.86505e-09  0.000130188
5.99411e-09  0.000545644
6.05881e-09  0.000140853
6.24506e-09  -8.93367e-06
6.37877e-09  0.000176776
6.42398e-09  0.00076355
6.48245e-09  0.000171838
6.64539e-09  -9.11161e-06
6.79326e-09  0.000522749
6.9416e-09  3.89303e-05
7.13446e-09  8.39953e-05
7.22029e-09  0.000434472
7.26489e-09  0.00023982
7.29587e-09  0.000694779
7.32005e-09  0.00029763
7.39209e-09  5.26848e-05
7.52651e-09  0.000106517
7.59529e-09  0.00053289
7.65901e-09  0.000144017
7.84655e-09  -8.48246e-06
7.98166e-09  0.000171515
8.02653e-09  0.000733226
8.08074e-09  0.000184678
8.24531e-09  -8.17538e-06
8.39542e-09  0.000512658
8.54416e-09  4.12222e-05
8.83007e-09  0.00043103
8.92232e-09  0.000196732
8.95599e-09  0.000712464
9.00387e-09  0.0001032
9.1287e-09  0.000107531
9.19624e-09  0.000521268
9.2617e-09  0.000141131
9.45e-09  -4.50161e-06
9.58502e-09  0.000172501
9.62811e-09  0.000730524
9.71184e-09  8.31962e-05
9.84359e-09  -7.26408e-06
9.99576e-09  0.000501118
1.00657e-08  0.000143254
1.03329e-08  7.6289e-05
1.04232e-08  0.000416215
1.04672e-08  0.000217709
1.05e-08  0.000634289
1.05279e-08  0.000275772
1.06439e-08  8.41432e-06
1.07813e-08  0.000236589
1.07965e-08  0.000511597
1.08647e-08  0.000138335
1.10464e-08  -7.07924e-06
1.11855e-08  0.000160913
1.12343e-08  0.000706796
1.12723e-08  0.000246786
1.13456e-08  6.42411e-05
1.15276e-08  9.92168e-05
1.15999e-08  0.000491541
1.18452e-08  -7.03842e-06
1.20315e-08  0.000417823
1.21298e-08  0.000164154
1.21641e-08  0.000531472
1.2219e-08  0.000241197
1.22726e-08  0.000761616
1.23458e-08  0.000257318
1.24003e-08  0.000583096
1.24667e-08  0.000145998
1.26434e-08  -5.06113e-06
1.27869e-08  0.000151862
1.28322e-08  0.000697908
1.29165e-08  8.06381e-05
1.30433e-08  -5.78939e-06
1.32e-08  0.000477796
1.32699e-08  0.00014524
1.35345e-08  7.42457e-05
1.36295e-08  0.000405016
1.36737e-08  0.0002174
1.3709e-08  0.000612023
1.38084e-08  5.03639e-05
1.39841e-08  0.000216822
1.40033e-08  0.000489803
1.42476e-08  -4.32797e-06
1.43863e-08  0.000142202
1.44386e-08  0.00067741
1.44837e-08  0.000207789
1.46e-08  1.55578e-05
1.47837e-08  0.000211931
1.48e-08  0.000473133
1.49945e-08  1.60399e-05
1.52317e-08  0.000402532
1.53335e-08  0.000165332
1.53649e-08  0.000665951
1.54447e-08  3.60388e-05
1.56048e-08  0.000482777
1.58459e-08  -4.06313e-06
1.59892e-08  0.000145576
1.60365e-08  0.00068055
1.61139e-08  9.56953e-05
1.62455e-08  -4.58243e-06
1.64038e-08  0.000465977
1.66482e-08  -3.44144e-06
1.68348e-08  0.000398779
1.68771e-08  0.00021651
1.69129e-08  0.000565983
1.70449e-08  2.87167e-05
1.72041e-08  0.000480445
1.74459e-08  -3.34701e-06
1.7589e-08  0.000140513
1.76379e-08  0.000662749
1.7708e-08  0.000130371
1.78454e-08  -4.21384e-06
1.80038e-08  0.000464582
1.81987e-08  1.58639e-05
1.84375e-08  0.000395838
1.85396e-08  0.000149596
1.86138e-08  0.000605831
1.87278e-08  0.000176551
1.88071e-08  0.000480276
1.90475e-08  -1.33301e-06
1.91882e-08  0.000130975
1.92371e-08  0.000662369
1.93156e-08  9.75126e-05
1.94443e-08  -2.79601e-06
1.9605e-08  0.000458118
1.96684e-08  0.000157979
1.99364e-08  7.26657e-05
2.00345e-08  0.000390298
2.00799e-08  0.000211157
2.01138e-08  0.00057214
2.02188e-08  4.89477e-05
2.03858e-08  0.000196942
2.04047e-08  0.000472543
2.06464e-08  -1.64163e-06
2.079e-08  0.000135317
2.08397e-08  0.000651153
2.09101e-08  0.000124835
2.10416e-08  -1.66566e-06
2.12035e-08  0.000458294
2.13989e-08  1.75769e-05
2.16368e-08  0.000391274
2.17415e-08  0.000158781
2.17743e-08  0.000621864
2.18411e-08  7.87638e-05
2.19853e-08  0.000196643
2.20078e-08  0.000471146
2.22464e-08  -7.61645e-07
2.23912e-08  0.000137765
2.24411e-08  0.00066025
2.25152e-08  9.9613e-05
2.26443e-08  -1.99615e-06
2.28066e-08  0.000455984
2.30485e-08  -5.57774e-07
2.32829e-08  0.0002155
2.33167e-08  0.000547249
2.34464e-08  3.94734e-05
2.35869e-08  0.000195789
2.3605e-08  0.000471765
2.38485e-08  6.37617e-07
2.39905e-08  0.000134813
2.40446e-08  0.000647547
2.41246e-08  9.74607e-05
2.43317e-08  9.49383e-05
2.44036e-08  0.000458621
2.46456e-08  -2.36134e-06
2.48336e-08  0.000388608
2.50387e-08  0.00021349
2.50937e-08  0.00059794
2.51253e-08  0.000229459
2.51683e-08  0.000900015
2.52721e-08  0.00020228
2.54451e-08  8.59329e-07
2.55931e-08  0.000141632
2.56424e-08  0.000652338
2.57174e-08  9.81383e-05
2.58442e-08  -4.65631e-07
2.60055e-08  0.000451605
2.63367e-08  7.32081e-05
2.64819e-08  0.000209764
2.65158e-08  0.000558538
2.66317e-08  3.9685e-05
2.67888e-08  0.000200115
2.68069e-08  0.000467435
2.70461e-08  2.97773e-07
2.71899e-08  0.000131432
2.72406e-08  0.000643879
2.73124e-08  0.000120401
2.74442e-08  -1.01218e-06
2.76071e-08  0.000454325
2.78e-08  1.88789e-05
2.80366e-08  0.000389183
2.81415e-08  0.000158934
2.81754e-08  0.000616986
2.8245e-08  5.18564e-05
2.83882e-08  0.000198982
2.84063e-08  0.000469747
2.86467e-08  7.07507e-07
2.8789e-08  0.000129921
2.88408e-08  0.000658433
2.89183e-08  9.38942e-05
2.90436e-08  3.1805e-08
2.92068e-08  0.000455088
2.945e-08  2.18595e-06
2.96826e-08  0.000215903
2.97179e-08  0.000546508
2.9796e-08  9.30956e-05
2.99333e-08  0.000100544
3.0008e-08  0.000471495
3.02468e-08  7.41016e-07
3.03867e-08  0.000131162
3.04408e-08  0.000652573
3.05135e-08  0.000117329
3.06447e-08  -2.06853e-07
3.08044e-08  0.000460405
3.09958e-08  2.09083e-05
3.12368e-08  0.000394036
3.1342e-08  0.000149779
3.1417e-08  0.000610345
3.15292e-08  0.000153292
3.16067e-08  0.000488011
3.18453e-08  7.50228e-07
3.19905e-08  0.000137975
3.2038e-08  0.000661454
3.21137e-08  0.000108023
3.22434e-08  4.80438e-07
3.24035e-08  0.00045837
3.24711e-08  0.000156968
3.27366e-08  7.53267e-05
3.28828e-08  0.000224636
3.29162e-08  0.000575392
3.30234e-08  4.659e-05
3.31853e-08  0.000201491
3.32048e-08  0.000476262
3.345e-08  3.52767e-06
3.35877e-08  0.000135603
3.36438e-08  0.000652737
3.37133e-08  0.000117469
3.38452e-08  -1.1562e-07
3.40048e-08  0.000463982
3.41978e-08  1.97699e-05
3.44378e-08  0.00039771
3.4539e-08  0.000164232
3.45719e-08  0.000641564
3.4632e-08  8.62047e-05
3.47872e-08  0.000212161
3.48053e-08  0.000480836
3.50447e-08  5.37255e-07
3.51871e-08  0.000136111
3.52379e-08  0.00067506
3.5316e-08  9.56188e-05
3.54433e-08  2.35792e-07
3.56046e-08  0.000466822
3.58478e-08  1.49076e-07
3.60317e-08  0.000397176
3.60795e-08  0.000221264
3.61112e-08  0.000564678
3.62462e-08  3.23061e-05
3.64045e-08  0.000483918
3.66464e-08  3.72349e-07
3.67899e-08  0.000150106
3.6836e-08  0.000666648
3.69198e-08  0.000105766
3.71302e-08  9.91362e-05
3.72048e-08  0.00047104
3.74445e-08  -1.36569e-06
3.7636e-08  0.000404058
3.77376e-08  0.000154556
3.77748e-08  0.000487773
3.78304e-08  0.000225286
3.78852e-08  0.000785981
3.794e-08  0.000262301
3.80045e-08  0.00054916
3.8069e-08  0.00015623
3.82456e-08  5.34548e-07
3.83891e-08  0.000146075
3.84354e-08  0.000678193
3.85168e-08  9.24597e-05
3.8645e-08  6.00502e-08
3.88042e-08  0.000469541
3.88683e-08  0.000156444
3.91372e-08  7.86689e-05
3.92317e-08  0.000402153
3.92776e-08  0.000223297
3.93118e-08  0.000598881
3.94118e-08  5.50353e-05
3.95844e-08  0.000211882
3.96039e-08  0.000488226
3.98456e-08  -7.08559e-08
3.99869e-08  0.000144472
4.00371e-08  0.000676815
4.00886e-08  0.000195691
4.02429e-08  -2.18711e-07
4.04005e-08  0.000476619
4.05961e-08  2.00112e-05
4.0835e-08  0.000408605
4.09345e-08  0.000169757
4.09668e-08  0.000674426
4.10418e-08  4.38199e-05
4.11843e-08  0.000217198
4.12035e-08  0.000491858
4.14446e-08  6.31402e-08
4.15883e-08  0.000153401
4.1636e-08  0.000693511
4.1715e-08  9.28075e-05
4.1844e-08  -6.27602e-07
4.20004e-08  0.000479176
4.22481e-08  3.71726e-07
4.24304e-08  0.000409406
4.2473e-08  0.000219488
4.25087e-08  0.000591979
4.26452e-08  2.4315e-05
4.27836e-08  0.000220776
4.28e-08  0.000496557
4.30452e-08  -7.40382e-07
4.31875e-08  0.00015507
4.32339e-08  0.000686385
4.32856e-08  0.000200247
4.34e-08  1.97139e-05
4.36e-08  0.00048513
4.37944e-08  1.99807e-05
4.4034e-08  0.000414785
4.41319e-08  0.000161576
4.42034e-08  0.000641754
4.42746e-08  0.000259458
4.43832e-08  0.000229824
4.44035e-08  0.00050131
4.44648e-08  0.000152961
4.46448e-08  -2.52118e-07
4.47875e-08  0.000156007
4.48334e-08  0.000701148
4.49128e-08  9.86427e-05
4.5043e-08  2.71586e-08
4.52e-08  0.000485792
4.52686e-08  0.000150265
4.55337e-08  7.91487e-05
4.5625e-08  0.000405334
4.56734e-08  0.000226037
4.57045e-08  0.000628935
4.58068e-08  5.47408e-05
4.59817e-08  0.000224401
4.6e-08  0.000505023
4.60661e-08  0.000146524
4.62462e-08  -6.21092e-07
4.63863e-08  0.000157608
4.6434e-08  0.000697913
4.64803e-08  0.000217224
4.65465e-08  7.59845e-05
4.67278e-08  0.000102631
4.67975e-08  0.000491806
4.70457e-08  -1.09855e-06
4.72292e-08  0.000419723
4.73285e-08  0.000178176
4.73639e-08  0.000698295
4.74257e-08  9.66347e-05
4.75823e-08  0.000229981
4.75999e-08  0.000509125
4.76662e-08  0.000143643
4.78454e-08  -9.32013e-07
4.7987e-08  0.00016462
4.80331e-08  0.000715572
4.8112e-08  9.58406e-05
4.82429e-08  -4.2726e-07
4.83981e-08  0.000496109
4.84669e-08  0.000149511
4.87342e-08  8.03946e-05
4.88308e-08  0.000423142
4.88728e-08  0.00023339
4.89031e-08  0.00062401
4.89317e-08  0.000269539
4.9045e-08  1.71255e-05
4.91817e-08  0.00023422
4.91998e-08  0.000513283
4.92656e-08  0.000144022
4.94446e-08  -7.43261e-07
4.95843e-08  0.000158868
4.96321e-08  0.000710278
4.96783e-08  0.000219898
4.97454e-08  7.18082e-05
4.99276e-08  0.000104107
4.99994e-08  0.000499999
5.02449e-08  -1.41888e-06
5.04342e-08  0.000423093
5.0527e-08  0.000168062
5.05649e-08  0.000545976
5.06148e-08  0.000252343
5.07539e-08  0.000374646
5.08037e-08  0.00123784
5.0868e-08  0.000353334
5.09012e-08  0.000618226
5.10474e-08  8.19805e-06
5.11858e-08  0.000160897
5.12326e-08  0.000795706
5.1288e-08  0.000261923
5.14467e-08  -2.04989e-08
5.16e-08  0.000496398
5.1667e-08  0.000150071
5.19342e-08  7.90486e-05
5.20328e-08  0.000425415
5.20721e-08  0.000227564
5.21029e-08  0.00065118
5.21314e-08  0.000273408
5.22409e-08  5.18555e-05
5.23817e-08  0.00026011
5.24006e-08  0.000578067
5.24653e-08  0.000147993
5.26462e-08  -3.79243e-06
5.2786e-08  0.000164519
5.28352e-08  0.000716734
5.28837e-08  0.000195111
5.29967e-08  1.63921e-05
5.31308e-08  0.000108469
5.31981e-08  0.000505601
5.33919e-08  1.74062e-05
5.36314e-08  0.000430806
5.37259e-08  0.000181401
5.3762e-08  0.000706814
5.3832e-08  4.79972e-05
5.39807e-08  0.000236185
5.4e-08  0.00051954
5.40656e-08  0.000142096
5.4244e-08  -3.9562e-06
5.43849e-08  0.000165316
5.44331e-08  0.000734622
5.4513e-08  8.60093e-05
5.46455e-08  -4.55974e-06
5.4799e-08  0.000506666
5.48656e-08  0.000149317
5.5134e-08  8.06996e-05
5.52244e-08  0.000427853
5.52692e-08  0.000225895
5.53025e-08  0.000646421
5.53289e-08  0.00027944
5.54451e-08  9.70357e-06
5.55803e-08  0.000242812
5.55986e-08  0.000526249
5.56646e-08  0.000142849
5.5847e-08  -4.40091e-06
5.59841e-08  0.000168322
5.60316e-08  0.000733095
5.60722e-08  0.000245008
5.61447e-08  6.42921e-05
5.63296e-08  0.00011032
5.63968e-08  0.000515441
5.64639e-08  0.000150232
5.66448e-08  -4.62606e-06
5.68316e-08  0.000436529
5.69241e-08  0.000173738
5.70286e-08  0.000739177
5.70643e-08  0.000339644
5.70838e-08  0.000587701
5.71181e-08  0.000250924
5.71812e-08  0.000265358
5.71989e-08  0.000532518
5.7263e-08  0.000147577
5.7444e-08  -4.66078e-06
5.75852e-08  0.00017348
5.76277e-08  0.00073639
5.77266e-08  5.50167e-05
5.79285e-08  0.000108155
5.79975e-08  0.000511965
5.80624e-08  0.000154881
5.82492e-08  -2.21206e-06
5.84274e-08  0.000436844
5.84671e-08  0.000223851
5.85e-08  0.000683332
5.85255e-08  0.000290855
5.85996e-08  5.22631e-05
5.87291e-08  0.000110144
5.87974e-08  0.000531304
5.8862e-08  0.000147109
5.90456e-08  -4.80558e-06
5.91827e-08  0.000170757
5.92326e-08  0.000737448
5.92808e-08  0.000194594
5.93929e-08  1.72471e-05
5.95285e-08  0.000110087
5.95947e-08  0.000520994
5.97928e-08  1.56723e-05
6.00232e-08  0.000437365
6.01208e-08  0.000193268
6.01581e-08  0.000728709
6.02059e-08  0.000102413
6.03299e-08  0.000114389
6.0397e-08  0.000536041
6.04614e-08  0.000145987
6.06453e-08  -5.11134e-06
6.07838e-08  0.000177462
6.08263e-08  0.000752057
6.09266e-08  5.43315e-05
6.1128e-08  0.000109935
6.11938e-08  0.000522227
6.12608e-08  0.00015529
6.14472e-08  -4.71894e-06
6.16271e-08  0.000445339
6.16633e-08  0.00022751
6.1698e-08  0.000672378
6.17506e-08  0.000167546
6.18427e-08  7.28274e-06
6.19789e-08  0.00025697
6.19955e-08  0.000541678
6.20593e-08  0.000149833
6.22451e-08  -5.38226e-06
6.23838e-08  0.000184761
6.24287e-08  0.000752427
6.24704e-08  0.000234283
6.25454e-08  5.39273e-05
6.27264e-08  0.000108308
6.27939e-08  0.000530106
6.28585e-08  0.000157972
6.30465e-08  -5.32316e-06
6.32301e-08  0.000445407
6.33205e-08  0.000182709
6.33567e-08  0.000557344
6.34055e-08  0.000262097
6.34547e-08  0.000774772
6.35396e-08  0.000369939
6.3593e-08  0.000690941
6.36653e-08  0.000162281
6.38464e-08  -5.28623e-06
6.3983e-08  0.000176783
6.40282e-08  0.000759458
6.41133e-08  7.90336e-05
6.4244e-08  -5.31881e-06
6.43956e-08  0.0005243
6.45433e-08  4.61061e-05
6.47347e-08  8.61776e-05
6.48278e-08  0.000446034
6.48633e-08  0.000228928
6.48973e-08  0.000702858
6.49205e-08  0.000309867
6.49936e-08  5.67194e-05
6.51299e-08  0.000116699
6.51966e-08  0.000542959
6.52634e-08  0.000140488
6.54478e-08  -4.16135e-06
6.55827e-08  0.000183247
6.56263e-08  0.00074924
6.56725e-08  0.000221667
6.5796e-08  1.47042e-05
6.59287e-08  0.000114324
6.59937e-08  0.000531711
6.61462e-08  4.05698e-05
6.63327e-08  8.38855e-05
6.64268e-08  0.000449919
6.65173e-08  0.000201386
6.65636e-08  0.000743654
6.6588e-08  0.000178913
6.66165e-08  5.89689e-05
6.67292e-08  0.000116795
6.67938e-08  0.000547433
6.68604e-08  0.000144888
6.70447e-08  -5.26742e-06
6.71833e-08  0.000190046
6.72262e-08  0.000770478
6.72837e-08  0.0001784
6.74439e-08  -5.58743e-06
6.75943e-08  0.000533302
6.7743e-08  4.25361e-05
6.79322e-08  8.43382e-05
6.80234e-08  0.00045062
6.80628e-08  0.0002321
6.80968e-08  0.000684227
6.81477e-08  0.000160147
6.82409e-08  6.97665e-06
6.8377e-08  0.000267634
6.83948e-08  0.000551949
6.84591e-08  0.000147087
6.86462e-08  -5.89291e-06
6.87828e-08  0.000192109
6.88269e-08  0.000764941
6.88733e-08  0.000211938
6.89939e-08  1.51094e-05
6.91291e-08  0.000117494
6.91908e-08  0.000537348
6.93467e-08  3.7105e-05
6.95341e-08  8.74802e-05
6.96217e-08  0.000452721
6.97157e-08  0.000192027
6.97837e-08  0.000732491
6.98627e-08  0.000144534
6.99782e-08  0.000271653
6.99941e-08  0.000553403
7.0061e-08  0.000143892
7.02447e-08  -5.5347e-06
7.03826e-08  0.000191198
7.04243e-08  0.000772873
7.04837e-08  0.000176081
7.06452e-08  -5.77159e-06
7.07942e-08  0.000536222
7.09421e-08  4.20503e-05
7.11308e-08  8.42438e-05
7.12238e-08  0.000454221
7.12639e-08  0.000241314
7.12951e-08  0.000719142
7.13189e-08  0.00030656
7.13937e-08  5.30086e-05
7.15267e-08  0.000113005
7.15934e-08  0.00055759
7.16592e-08  0.000145014
7.18478e-08  -4.95757e-06
7.19796e-08  0.000186284
7.20269e-08  0.000770604
7.20699e-08  0.000221653
7.21923e-08  1.58338e-05
7.23275e-08  0.00011519
7.23901e-08  0.000542582
7.25453e-08  3.68256e-05
7.27334e-08  8.71065e-05
7.28214e-08  0.000455819
7.29155e-08  0.000210192
7.29605e-08  0.000760046
7.29914e-08  0.000153845
7.30462e-08  4.04465e-05
7.31758e-08  0.000274599
7.31923e-08  0.000560524
7.32582e-08  0.000145645
7.34451e-08  -5.92319e-06
7.35809e-08  0.000190925
7.36259e-08  0.000786358
7.36837e-08  0.00016875
7.38437e-08  -5.78772e-06
7.39911e-08  0.000545671
7.4142e-08  3.91225e-05
7.43307e-08  8.46022e-05
7.44236e-08  0.00045982
7.44634e-08  0.000248405
7.4493e-08  0.000700029
7.45464e-08  0.000146946
7.46399e-08  6.04219e-06
7.47768e-08  0.000281388
7.4792e-08  0.000564996
7.48564e-08  0.000148916
7.50478e-08  -5.1796e-06
7.51829e-08  0.000208556
7.5226e-08  0.000779389
7.52681e-08  0.00022341
7.53433e-08  4.56283e-05
7.55242e-08  0.000110806
7.55921e-08  0.000551211
7.56557e-08  0.00015857
7.5845e-08  -5.85778e-06
7.60198e-08  0.000458913
7.61163e-08  0.000202782
7.61492e-08  0.000550174
7.61971e-08  0.000283646
7.62458e-08  0.000525716
7.62687e-08  0.000212694
7.63081e-08  0.000972952
7.63281e-08  0.000623025
7.63866e-08  0.000888337
7.64675e-08  0.000159958
7.66454e-08  -5.89614e-06
7.67805e-08  0.000186736
7.68237e-08  0.000777655
7.68815e-08  0.000180711
7.70445e-08  -5.9076e-06
7.71907e-08  0.000540129
7.73423e-08  4.02347e-05
7.75316e-08  8.62176e-05
7.76206e-08  0.000453955
7.76644e-08  0.000255964
7.7692e-08  0.000721492
7.77165e-08  0.000319168
7.77921e-08  5.48903e-05
7.79286e-08  0.000119195
7.79929e-08  0.000561383
7.80588e-08  0.000145509
7.82482e-08  -4.8003e-06
7.83797e-08  0.000189538
7.84252e-08  0.000775044
7.84717e-08  0.000209503
7.85962e-08  1.34331e-05
7.87277e-08  0.000117791
7.87932e-08  0.000546496
7.89458e-08  3.53076e-05
7.91317e-08  8.59285e-05
7.92261e-08  0.000460071
7.93135e-08  0.000213454
7.9358e-08  0.000751978
7.93806e-08  0.000215429
7.94078e-08  6.54104e-05
7.95277e-08  0.000117929
7.95918e-08  0.000563695
7.96567e-08  0.000149061
7.9846e-08  -5.73953e-06
7.99816e-08  0.000201282
8.00243e-08  0.000791732
8.00816e-08  0.000173775
8.02439e-08  -5.8047e-06
8.03896e-08  0.000547185
8.05411e-08  3.90106e-05
8.07311e-08  8.62318e-05
8.08251e-08  0.000462453
8.08598e-08  0.000240146
8.0892e-08  0.000703391
8.09462e-08  0.000144551
8.10405e-08  4.4955e-06
8.1193e-08  0.000566068
8.12584e-08  0.000144436
8.14459e-08  -5.81812e-06
8.15789e-08  0.000194207
8.16256e-08  0.000784235
8.16694e-08  0.00021381
8.17943e-08  1.40372e-05
8.19276e-08  0.000118958
8.19904e-08  0.000554504
8.21446e-08  3.41993e-05
8.23341e-08  9.13436e-05
8.24256e-08  0.000463452
8.25126e-08  0.000202463
8.25779e-08  0.000779141
8.26608e-08  0.000119332
8.2777e-08  0.000290221
8.27911e-08  0.000565856
8.28591e-08  0.00014356
8.30469e-08  -5.49879e-06
8.31787e-08  0.000193746
8.32256e-08  0.000792739
8.32829e-08  0.000168301
8.34445e-08  -5.80869e-06
8.35911e-08  0.000550949
8.37404e-08  3.93223e-05
8.39335e-08  9.09726e-05
8.40196e-08  0.000460418
8.40605e-08  0.000244282
8.40902e-08  0.000732354
8.41158e-08  0.000317497
8.41869e-08  5.99101e-05
8.43272e-08  0.000117959
8.43907e-08  0.000569479
8.44586e-08  0.000144003
8.4645e-08  -6.04681e-06
8.47794e-08  0.000198108
8.48226e-08  0.000780613
8.48712e-08  0.000203899
8.49931e-08  1.44857e-05
8.51273e-08  0.000119548
8.51915e-08  0.000555676
8.53443e-08  3.36751e-05
8.55337e-08  9.14641e-05
8.56239e-08  0.000466081
8.57127e-08  0.000224301
8.57443e-08  0.000747159
8.57839e-08  0.000153662
8.58459e-08  3.1575e-05
8.59927e-08  0.000570901
8.60581e-08  0.000143383
8.62446e-08  -6.02561e-06
8.63813e-08  0.000209337
8.64261e-08  0.000796495
8.64809e-08  0.000170518
8.66461e-08  -6.26877e-06
8.67882e-08  0.000554537
8.69382e-08  3.97757e-05
8.71314e-08  8.76807e-05
8.72195e-08  0.000465482
8.72591e-08  0.000244037
8.72916e-08  0.000711023
8.73416e-08  0.000157247
8.74212e-08  2.67654e-05
8.75305e-08  0.000129468
8.75908e-08  0.000575932
8.7655e-08  0.000149839
8.785e-08  -2.63384e-06
8.79808e-08  0.000211935
8.80233e-08  0.000792429
8.80677e-08  0.00021373
8.81474e-08  3.83545e-05
8.83271e-08  0.000119765
8.83898e-08  0.000562919
8.85433e-08  3.28918e-05
8.87322e-08  8.89126e-05
8.88227e-08  0.000469598
8.89115e-08  0.000207042
8.89456e-08  0.000557096
8.89926e-08  0.000282388
8.90397e-08  0.000780699
8.90658e-08  0.000351155
8.91206e-08  0.000213611
8.91929e-08  0.000577517
8.92582e-08  0.000145127
8.94452e-08  -5.98609e-06
8.95787e-08  0.000198185
8.96245e-08  0.000800681
8.96824e-08  0.00016635
8.98445e-08  -5.99994e-06
8.99881e-08  0.000554714
9.01397e-08  3.79009e-05
9.03321e-08  8.92321e-05
9.04209e-08  0.000466885
9.04602e-08  0.000250217
9.0491e-08  0.000739973
9.05152e-08  0.000314459
9.05855e-08  6.17913e-05
9.07277e-08  0.000120994
9.07928e-08  0.000572802
9.08556e-08  0.000148677
9.10457e-08  -5.43568e-06
9.11793e-08  0.000203593
9.12237e-08  0.000793046
9.12673e-08  0.000217357
9.13425e-08  4.19907e-05
9.15249e-08  0.00011507
9.15896e-08  0.000562682
9.16542e-08  0.000160757
9.18481e-08  -5.17754e-06
9.20213e-08  0.000469903
9.21118e-08  0.000228445
9.21536e-08  0.000752645
9.21789e-08  0.000189002
9.22052e-08  6.26318e-05
9.23276e-08  0.000121713
9.2392e-08  0.000575534
9.24535e-08  0.000152684
9.26459e-08  -6.39536e-06
9.27792e-08  0.000203746
9.28205e-08  0.00080196
9.28802e-08  0.000170874
9.30436e-08  -6.10295e-06
9.31881e-08  0.000560838
9.32554e-08  0.000158536
9.34487e-08  -4.54782e-06
9.36232e-08  0.000470718
9.36596e-08  0.000251793
9.36912e-08  0.000712808
9.37428e-08  0.000145688
9.38157e-08  3.1911e-05
9.39299e-08  0.000129758
9.39886e-08  0.000579146
9.40559e-08  0.000146567
9.42491e-08  -4.39049e-06
9.43776e-08  0.000203089
9.44248e-08  0.000798892
9.44679e-08  0.000209906
9.45455e-08  3.77595e-05
9.4726e-08  0.000118248
9.47895e-08  0.000565357
9.4943e-08  3.22705e-05
9.51316e-08  8.88214e-05
9.52179e-08  0.000468962
9.53115e-08  0.000212628
9.53738e-08  0.000795096
9.54618e-08  0.000164467
9.55487e-08  0.000197457
9.55905e-08  0.00057771
9.56562e-08  0.000147152
9.58458e-08  -5.37616e-06
9.59776e-08  0.000200632
9.60231e-08  0.000806633
9.60729e-08  0.000199937
9.61967e-08  1.32748e-05
9.63273e-08  0.000121967
9.63888e-08  0.000562461
9.64539e-08  0.000161704
9.665e-08  -2.70119e-06
9.68177e-08  0.000465454
9.68598e-08  0.000253156
9.68904e-08  0.000748345
9.69874e-08  6.00331e-05
9.71264e-08  0.000118979
9.71895e-08  0.000581017
9.74454e-08  -4.9367e-06
9.75787e-08  0.000206156
9.7621e-08  0.000890347
9.76477e-08  0.00058218
9.76979e-08  0.00102242
9.77273e-08  0.000773138
9.77559e-08  0.00170067
9.77683e-08  0.00121511
9.77921e-08  0.00190972
9.78062e-08  0.00109296
9.78164e-08  0.000919407
9.7862e-08  0.00075904
9.79052e-08  0.00108504
9.79621e-08  0.000670422
9.80168e-08  0.000948145
9.805e-08  0.000564181
9.80909e-08  0.000677252
9.81466e-08  6.06637e-05
9.82464e-08  -4.24239e-06
9.83827e-08  0.000178547
9.84755e-08  0.00107888
9.85384e-08  0.000296507
9.87305e-08  0.000227282
9.87919e-08  0.000595327
9.88558e-08  0.000496331
9.88949e-08  0.000895483
9.89402e-08  0.00010037
9.90454e-08  -5.30649e-07
9.91831e-08  0.000171917
9.92331e-08  0.000649685
9.93444e-08  3.07124e-05
9.95275e-08  0.000111997
9.95954e-08  0.000549616
9.96591e-08  0.000328039
9.96941e-08  0.000650346
9.97341e-08  9.91268e-05
9.97919e-08  1.96105e-05
9.99833e-08  0.00017346
1.00029e-07  0.000544267
1.00133e-07  0.000623615
1.0015e-07  0.000320291
1.00183e-07  0.000745476
1.0021e-07  0.000316077
1.00237e-07  0.000505134
1.00253e-07  0.00106065
1.00382e-07  0.00072449
1.004e-07  0.000929572
1.00538e-07  0.000183132
1.00781e-07  0.000185543
1.00828e-07  0.000750088
1.00915e-07  8.78017e-05
1.01046e-07  1.96376e-06
1.01197e-07  0.000514438
1.01346e-07  5.03051e-05
1.01534e-07  8.88838e-05
1.01624e-07  0.000438209
1.01667e-07  0.00023613
1.01698e-07  0.000690983
1.01722e-07  0.000305401
1.01797e-07  5.88788e-05
1.01928e-07  0.000114951
1.01996e-07  0.000536515
1.02059e-07  0.000155332
1.02249e-07  1.96179e-06
1.02383e-07  0.000187142
1.02428e-07  0.000744441
1.0247e-07  0.000239293
1.02594e-07  2.1817e-05
1.02729e-07  0.000118221
1.02793e-07  0.00052605
1.02948e-07  4.55581e-05
1.03136e-07  9.45586e-05
1.03227e-07  0.000448093
1.03319e-07  0.000211708
1.03363e-07  0.000735903
1.03386e-07  0.000199424
1.03413e-07  7.14911e-05
1.03528e-07  0.000117627
1.03593e-07  0.000542401
1.03659e-07  0.000152511
1.03848e-07  2.10675e-07
1.03982e-07  0.00018821
1.04025e-07  0.00076315
1.04082e-07  0.000187712
1.04198e-07  1.99049e-05
1.04331e-07  0.000126417
1.04393e-07  0.00053062
1.04456e-07  0.000167205
1.0465e-07  1.74372e-06
1.04827e-07  0.000452752
1.04865e-07  0.000253117
1.04896e-07  0.000681235
1.04948e-07  0.000154738
1.05036e-07  1.95118e-05
1.05178e-07  0.000283215
1.05192e-07  0.000551375
1.0526e-07  0.000147683
1.05446e-07  -1.96295e-07
1.05581e-07  0.000195028
1.05626e-07  0.00076296
1.0567e-07  0.000221674
1.05796e-07  1.88139e-05
1.05932e-07  0.000131318
1.05992e-07  0.000539518
1.06145e-07  4.11524e-05
1.06332e-07  8.98415e-05
1.06421e-07  0.0004538
1.06513e-07  0.000204889
1.0658e-07  0.000756338
1.06665e-07  0.00015122
1.06777e-07  0.000280131
1.06793e-07  0.000553231
1.06859e-07  0.000150462
1.07046e-07  -1.08273e-06
1.07179e-07  0.000189866
1.07224e-07  0.000776354
1.07284e-07  0.000174409
1.07445e-07  -1.39199e-06
1.07591e-07  0.000539194
1.07741e-07  4.47558e-05
1.07933e-07  9.29619e-05
1.08024e-07  0.000457633
1.08059e-07  0.000243471
1.08094e-07  0.000715279
1.08117e-07  0.000315644
1.08191e-07  6.07004e-05
1.08328e-07  0.000121517
1.08394e-07  0.000557059
1.08459e-07  0.000148294
1.0865e-07  1.37683e-06
1.08781e-07  0.000203575
1.08824e-07  0.00077082
1.08868e-07  0.000225179
1.08993e-07  1.94588e-05
1.09129e-07  0.000124658
1.0919e-07  0.000546732
1.09342e-07  4.06067e-05
1.09531e-07  9.05971e-05
1.09624e-07  0.000461631
1.09712e-07  0.000228228
1.09745e-07  0.000734571
1.09784e-07  0.000151807
1.09845e-07  3.78084e-05
1.09993e-07  0.000562452
1.10058e-07  0.000148366
1.10246e-07  -8.99372e-07
1.10379e-07  0.000198837
1.10424e-07  0.000790689
1.10479e-07  0.000183198
1.10644e-07  -1.70935e-06
1.1079e-07  0.000550643
1.10851e-07  0.000172937
1.11049e-07  -1.5836e-07
1.11218e-07  0.000457914
1.11259e-07  0.000250928
1.11292e-07  0.00069983
1.11341e-07  0.000163051
1.11422e-07  2.9629e-05
1.11548e-07  0.000188693
1.1159e-07  0.000569277
1.11659e-07  0.000144234
1.11849e-07  -9.55752e-07
1.11982e-07  0.000219635
1.12024e-07  0.000785382
1.12068e-07  0.000215459
1.12139e-07  5.08236e-05
1.12325e-07  0.000119744
1.12389e-07  0.000556175
1.12456e-07  0.000161062
1.12645e-07  -1.22505e-06
1.12818e-07  0.000462897
1.12991e-07  0.000287311
1.13038e-07  0.000816647
1.13063e-07  0.000404574
1.13124e-07  0.000185796
1.13192e-07  0.000581826
1.13254e-07  0.000157974
1.13445e-07  -1.33453e-06
1.1358e-07  0.000209192
1.13623e-07  0.000793472
1.13683e-07  0.000166446
1.13846e-07  -2.38895e-06
1.13988e-07  0.000549215
1.14142e-07  3.84745e-05
1.14333e-07  9.56849e-05
1.14422e-07  0.000465466
1.14457e-07  0.00024858
1.14489e-07  0.000732641
1.14514e-07  0.000324206
1.14585e-07  6.69447e-05
1.14727e-07  0.000124037
1.14789e-07  0.000570083
1.14858e-07  0.000146403
1.15046e-07  -2.15365e-06
1.1518e-07  0.00021283
1.15224e-07  0.000787755
1.15265e-07  0.000231144
1.15344e-07  4.3004e-05
1.15525e-07  0.000120084
1.1559e-07  0.000556673
1.1565e-07  0.000174163
1.1585e-07  7.30797e-07
1.1602e-07  0.000467435
1.16108e-07  0.000237674
1.16151e-07  0.000741428
1.16205e-07  6.70726e-05
1.16326e-07  0.00012211
1.16392e-07  0.000569667
1.16455e-07  0.000152388
1.16647e-07  -2.34252e-06
1.1678e-07  0.00021562
1.16825e-07  0.000794609
1.16883e-07  0.000163622
1.17045e-07  -2.56241e-06
1.17189e-07  0.000557515
1.17256e-07  0.000161484
1.1745e-07  5.35399e-07
1.17618e-07  0.000466861
1.17657e-07  0.000253789
1.17688e-07  0.000710277
1.17738e-07  0.00016756
1.17813e-07  3.74043e-05
1.17932e-07  0.000141798
1.17989e-07  0.000576719
1.18055e-07  0.000150723
1.18248e-07  -2.39617e-06
1.18377e-07  0.000208329
1.18423e-07  0.0007946
1.18467e-07  0.0002134
1.18539e-07  4.63401e-05
1.18725e-07  0.000120416
1.1879e-07  0.000561553
1.18851e-07  0.000168802
1.19045e-07  -1.83509e-06
1.19215e-07  0.000464352
1.19308e-07  0.000225652
1.1937e-07  0.000804814
1.19448e-07  0.000143309
1.19547e-07  0.000193593
1.1959e-07  0.000576527
1.19655e-07  0.000152
1.19846e-07  -1.76219e-06
1.19979e-07  0.000212941
1.20022e-07  0.000805604
1.20071e-07  0.000202585
1.20246e-07  -2.78223e-06
1.20387e-07  0.000559821
1.20536e-07  4.28728e-05
1.2073e-07  9.2767e-05
1.20818e-07  0.000468711
1.20854e-07  0.000251216
1.20887e-07  0.000740631
1.2091e-07  0.000346008
1.20981e-07  7.28814e-05
1.21126e-07  0.000123184
1.2119e-07  0.000577323
1.21253e-07  0.000155623
1.21448e-07  -2.29039e-06
1.21577e-07  0.000210077
1.21625e-07  0.000794641
1.21666e-07  0.000219665
1.21745e-07  3.97592e-05
1.21928e-07  0.000127611
1.21987e-07  0.000563776
1.22051e-07  0.000168207
1.22247e-07  -2.6867e-06
1.22416e-07  0.000467581
1.22507e-07  0.000245013
1.2254e-07  0.000752949
1.22585e-07  0.000147862
1.22646e-07  2.39139e-05
1.22749e-07  0.000196135
1.22789e-07  0.000580728
1.22856e-07  0.000147644
1.23047e-07  -2.81037e-06
1.23178e-07  0.000212364
1.23223e-07  0.000808489
1.23273e-07  0.000193123
1.23445e-07  -3.16764e-06
1.23589e-07  0.000565643
1.23651e-07  0.000167482
1.23849e-07  -1.70934e-06
1.24017e-07  0.000470643
1.24057e-07  0.000257023
1.24087e-07  0.000716324
1.24139e-07  0.000152669
1.24214e-07  3.26176e-05
1.24328e-07  0.000129878
1.24388e-07  0.000583795
1.24451e-07  0.000157694
1.2465e-07  3.79481e-07
1.24779e-07  0.000221837
1.24823e-07  0.000800773
1.24866e-07  0.000211812
1.24941e-07  4.1173e-05
1.25124e-07  0.00012
1.25186e-07  0.000569292
1.2525e-07  0.000169242
1.25446e-07  -2.2841e-06
1.25617e-07  0.000473552
1.2571e-07  0.000237658
1.2574e-07  0.000565856
1.25786e-07  0.000307258
1.25833e-07  0.00056149
1.25857e-07  0.000197855
1.25893e-07  0.00104456
1.25919e-07  0.000539476
1.25954e-07  0.000411661
1.2601e-07  0.000617402
1.26058e-07  0.000156238
1.26246e-07  -2.01363e-06
1.26378e-07  0.000209595
1.26423e-07  0.000803521
1.26475e-07  0.000189392
1.26643e-07  -2.11153e-06
1.26788e-07  0.000560356
1.26851e-07  0.000170258
1.2705e-07  1.79996e-07
1.27223e-07  0.000470496
1.27254e-07  0.000253477
1.27288e-07  0.000740936
1.27309e-07  0.000349494
1.27382e-07  7.13575e-05
1.27527e-07  0.000127924
1.27588e-07  0.000578081
1.27654e-07  0.000151908
1.27849e-07  -1.24621e-06
1.27979e-07  0.000219181
1.28022e-07  0.000797329
1.28066e-07  0.000219735
1.28144e-07  3.97578e-05
1.28326e-07  0.000123499
1.28387e-07  0.000563923
1.28451e-07  0.00016927
1.2865e-07  6.78765e-07
1.28818e-07  0.00047191
1.28909e-07  0.00025388
1.28934e-07  0.000749626
1.29e-07  7.17182e-05
1.29128e-07  0.000129605
1.29187e-07  0.000577438
1.29255e-07  0.000149533
1.29447e-07  -3.20541e-06
1.29577e-07  0.000208477
1.29619e-07  0.000806077
1.29674e-07  0.000192058
1.29846e-07  -2.29922e-06
1.29987e-07  0.000562975
1.3005e-07  0.000171992
1.30259e-07  1.01713e-05
1.30418e-07  0.000472155
1.30456e-07  0.00025987
1.30487e-07  0.000715864
1.30537e-07  0.000162358
1.3061e-07  3.78574e-05
1.30727e-07  0.000126633
1.3079e-07  0.000579798
1.30853e-07  0.000153049
1.31046e-07  -2.47334e-06
1.31178e-07  0.000219603
1.31224e-07  0.000800077
1.31265e-07  0.000218808
1.31341e-07  4.11077e-05
1.31527e-07  0.000127411
1.31588e-07  0.000568436
1.3165e-07  0.000170182
1.31845e-07  -2.33626e-06
1.3202e-07  0.000475661
1.32109e-07  0.000239742
1.32154e-07  0.000448642
1.3217e-07  0.000832651
1.3225e-07  0.000116034
1.3235e-07  0.00020889
1.32388e-07  0.000579244
1.32451e-07  0.00015899
1.32645e-07  -3.10968e-06
1.32779e-07  0.000216328
1.32821e-07  0.000810474
1.32875e-07  0.000188538
1.33044e-07  -2.08855e-06
1.33188e-07  0.000564483
1.33252e-07  0.000166199
1.33461e-07  1.28037e-05
1.33618e-07  0.000471613
1.33655e-07  0.000254862
1.33687e-07  0.000741888
1.33709e-07  0.000348952
1.33785e-07  6.82849e-05
1.33925e-07  0.000121945
1.3399e-07  0.000580637
1.34055e-07  0.000150009
1.34246e-07  -2.27273e-06
1.34378e-07  0.000216932
1.34419e-07  0.000793924
1.34464e-07  0.000226123
1.34547e-07  3.7904e-05
1.34726e-07  0.000124709
1.34788e-07  0.000568453
1.3485e-07  0.000169477
1.3505e-07  6.50083e-07
1.35222e-07  0.000473639
1.35306e-07  0.00025055
1.35339e-07  0.000763277
1.35378e-07  0.000165752
1.35444e-07  2.55301e-05
1.3555e-07  0.000201993
1.35588e-07  0.000582653
1.35655e-07  0.000149025
1.35846e-07  -3.45686e-06
1.35978e-07  0.000215412
1.36017e-07  0.000803501
1.36071e-07  0.000198414
1.36246e-07  -2.41084e-06
1.36388e-07  0.000567759
1.3645e-07  0.000169693
1.36654e-07  4.81383e-06
1.36818e-07  0.000474352
1.36853e-07  0.000255246
1.36885e-07  0.000717647
1.36936e-07  0.000163523
1.3701e-07  3.69837e-05
1.37127e-07  0.000127615
1.37191e-07  0.000581731
1.37254e-07  0.000150078
1.37447e-07  -2.8764e-06
1.37579e-07  0.000225068
1.37623e-07  0.000802912
1.37664e-07  0.000223461
1.3774e-07  4.20464e-05
1.37924e-07  0.000121462
1.37987e-07  0.000572695
1.3805e-07  0.00016889
1.38245e-07  -3.58246e-06
1.3842e-07  0.000476417
1.38506e-07  0.000231484
1.38569e-07  0.000547617
1.38585e-07  0.000300017
1.38631e-07  0.000803912
1.38661e-07  0.00033263
1.38749e-07  0.000242044
1.38791e-07  0.000583391
1.38853e-07  0.000154596
1.39046e-07  -2.57399e-06
1.39179e-07  0.000223817
1.39222e-07  0.000810006
1.3927e-07  0.000202448
1.39447e-07  -3.02136e-06
1.39587e-07  0.000564314
1.3965e-07  0.000171402
1.3985e-07  -1.32308e-07
1.40022e-07  0.000473378
1.40055e-07  0.000254559
1.40087e-07  0.000745224
1.40111e-07  0.000332135
1.40182e-07  7.18098e-05
1.40326e-07  0.000125998
1.40389e-07  0.000582543
1.4045e-07  0.000160622
1.40648e-07  -2.28568e-06
1.40779e-07  0.000221589
1.4082e-07  0.00079902
1.40863e-07  0.000229893
1.40943e-07  3.93606e-05
1.41126e-07  0.000125383
1.41186e-07  0.000568926
1.4125e-07  0.000169405
1.4145e-07  5.17978e-07
1.41617e-07  0.000473222
1.41708e-07  0.000251519
1.41734e-07  0.000753976
1.41799e-07  7.10779e-05
1.41927e-07  0.000128892
1.41987e-07  0.000581226
1.42051e-07  0.000156553
1.42245e-07  -3.26669e-06
1.42377e-07  0.000213827
1.42419e-07  0.000811202
1.42473e-07  0.000188519
1.42644e-07  -2.19167e-06
1.42787e-07  0.000568293
1.4285e-07  0.000170572
1.43061e-07  1.24759e-05
1.43218e-07  0.000473505
1.43254e-07  0.000255086
1.43285e-07  0.000717667
1.43337e-07  0.000159255
1.4341e-07  3.6946e-05
1.43529e-07  0.000134254
1.43589e-07  0.000583907
1.43654e-07  0.000150287
1.4385e-07  2.00635e-07
1.43977e-07  0.000218263
1.44021e-07  0.000803218
1.44063e-07  0.000229505
1.44137e-07  4.51483e-05
1.44324e-07  0.000121457
1.44387e-07  0.000571847
1.4445e-07  0.000167598
1.44645e-07  -3.35094e-06
1.4482e-07  0.000475993
1.44906e-07  0.000232206
1.44969e-07  0.00082384
1.45048e-07  0.000133683
1.45149e-07  0.000200828
1.45188e-07  0.000584227
1.4525e-07  0.000160692
1.45447e-07  -2.83666e-06
1.45578e-07  0.000216571
1.45621e-07  0.000812177
1.45673e-07  0.00018972
1.45845e-07  -3.2218e-06
1.45986e-07  0.000566342
1.4605e-07  0.00017019
1.46249e-07  -1.24014e-06
1.46418e-07  0.000472912
1.46455e-07  0.000254142
1.46487e-07  0.000743922
1.46508e-07  0.000351504
1.4658e-07  7.36986e-05
1.46726e-07  0.000124066
1.46788e-07  0.00058615
1.4685e-07  0.000159003
1.47045e-07  -3.40517e-06
1.47178e-07  0.000220082
1.47223e-07  0.000803086
1.47263e-07  0.000231481
1.47345e-07  3.74965e-05
1.47525e-07  0.000122831
1.47587e-07  0.000572067
1.4765e-07  0.000168189
1.4785e-07  5.11194e-07
1.48019e-07  0.000475591
1.48107e-07  0.000250996
1.48138e-07  0.000761247
1.48181e-07  0.000165123
1.48245e-07  2.2115e-05
1.48347e-07  0.00019073
1.48389e-07  0.000585449
1.4845e-07  0.000157823
1.48646e-07  -3.67819e-06
1.48779e-07  0.000220623
1.48819e-07  0.000813078
1.48871e-07  0.000193318
1.49044e-07  -2.88238e-06
1.49188e-07  0.000570761
1.4925e-07  0.000168697
1.4945e-07  3.37797e-07
1.4962e-07  0.000475966
1.49655e-07  0.000253455
1.49687e-07  0.000719353
1.49737e-07  0.00015554
1.49811e-07  3.5392e-05
1.4993e-07  0.000137151
1.4999e-07  0.000585209
1.5005e-07  0.000158064
1.5025e-07  -1.17142e-08
1.50377e-07  0.000214624
1.50424e-07  0.000799481
1.50464e-07  0.000222879
1.50539e-07  4.23907e-05
1.50724e-07  0.000120244
1.50786e-07  0.000573314
1.5085e-07  0.000166854
1.51046e-07  -2.39982e-06
1.51217e-07  0.00047592
1.51309e-07  0.000239375
1.5134e-07  0.000567649
1.51386e-07  0.000307841
1.51431e-07  0.000564898
1.51457e-07  0.000181365
1.51492e-07  0.000726635
1.51517e-07  0.000364923
1.51557e-07  0.00111393
1.51727e-07  0.000149084
1.51845e-07  -1.81396e-06
1.5198e-07  0.000219074
1.52023e-07  0.000899787
1.5207e-07  0.000290534
1.52244e-07  -5.81327e-06
1.52388e-07  0.000563924
1.52536e-07  4.00688e-05
1.5273e-07  8.98087e-05
1.52816e-07  0.000466985
1.52857e-07  0.000250843
1.52889e-07  0.000746845
1.52914e-07  0.000318146
1.53011e-07  7.29011e-05
1.53131e-07  0.000171566
1.53188e-07  0.000598323
1.53256e-07  0.000147211
1.53447e-07  -5.75694e-06
1.53578e-07  0.000210228
1.53622e-07  0.000803283
1.53666e-07  0.000218339
1.53746e-07  3.61922e-05
1.53924e-07  0.000117609
1.53988e-07  0.000569495
1.5405e-07  0.000169567
1.5425e-07  -2.2003e-06
1.54422e-07  0.000476379
1.54509e-07  0.00023954
1.54537e-07  0.000754689
1.54606e-07  5.88724e-05
1.54726e-07  0.000120674
1.54789e-07  0.000584744
1.54854e-07  0.000151166
1.55045e-07  -5.70279e-06
1.55177e-07  0.000209772
1.55221e-07  0.000818626
1.55273e-07  0.000192423
1.55444e-07  -6.16706e-06
1.5555e-07  0.000201111
1.55586e-07  0.00056682
1.5565e-07  0.000170737
1.5585e-07  -2.9135e-06
1.56016e-07  0.000471035
1.56056e-07  0.000253939
1.56088e-07  0.000723839
1.56138e-07  0.000157612
1.56209e-07  3.70945e-05
1.56329e-07  0.000131028
1.56388e-07  0.00058822
1.56451e-07  0.000156328
1.56645e-07  -5.90526e-06
1.5678e-07  0.000222921
1.56824e-07  0.000808209
1.56864e-07  0.000227031
1.5694e-07  3.95923e-05
1.57124e-07  0.000118981
1.57186e-07  0.000573289
1.5725e-07  0.000168421
1.57445e-07  -5.16841e-06
1.57617e-07  0.000476381
1.57706e-07  0.000228529
1.57804e-07  0.00083861
1.57868e-07  0.000279453
1.5795e-07  0.000232791
1.57989e-07  0.000583117
1.58056e-07  0.000146825
1.58245e-07  -5.52703e-06
1.58379e-07  0.000217574
1.58421e-07  0.000817457
1.58481e-07  0.000164552
1.58646e-07  -6.25764e-06
1.58787e-07  0.000566046
1.58936e-07  3.91333e-05
1.5913e-07  9.04354e-05
1.59217e-07  0.000471709
1.59258e-07  0.000258008
1.59289e-07  0.000749198
1.59311e-07  0.000334656
1.59382e-07  6.62171e-05
1.59527e-07  0.00012357
1.5959e-07  0.000586251
1.59653e-07  0.000152269
1.59847e-07  -6.31317e-06
1.59978e-07  0.000212401
1.60022e-07  0.00080828
1.60066e-07  0.00021442
1.60143e-07  3.69551e-05
1.60326e-07  0.000123335
1.60387e-07  0.000573263
1.60454e-07  0.000159689
1.6065e-07  -2.43496e-06
1.60816e-07  0.000473148
1.60906e-07  0.000245469
1.6094e-07  0.000770704
1.60979e-07  0.000165145
1.61044e-07  2.30669e-05
1.6115e-07  0.000202556
1.6119e-07  0.00058803
1.61253e-07  0.000149841
1.61446e-07  -6.65207e-06
1.61581e-07  0.000229023
1.61623e-07  0.000822117
1.6167e-07  0.000203273
1.618e-07  1.11353e-05
1.61929e-07  0.000130928
1.61989e-07  0.000572992
1.6205e-07  0.000168204
1.62248e-07  -5.27162e-06
1.62422e-07  0.000478644
1.62457e-07  0.000257429
1.62487e-07  0.000728265
1.62539e-07  0.000149302
1.62608e-07  3.70264e-05
1.62727e-07  0.000126015
1.62791e-07  0.00058866
1.62856e-07  0.000144336
1.63046e-07  -5.41345e-06
1.6318e-07  0.000226677
1.63222e-07  0.000814723
1.63263e-07  0.000231641
1.63338e-07  4.09415e-05
1.63526e-07  0.000123703
1.63587e-07  0.000577137
1.6365e-07  0.000167249
1.63846e-07  -6.50264e-06
1.64018e-07  0.00048002
1.64105e-07  0.000231908
1.64169e-07  0.000549423
1.64186e-07  0.000296977
1.64233e-07  0.000846203
1.64263e-07  0.000541384
1.64299e-07  0.000716136
1.64326e-07  0.00029529
1.64389e-07  0.000676802
1.64455e-07  0.000155087
1.64646e-07  -5.79203e-06
1.64779e-07  0.000218039
1.64821e-07  0.000818897
1.64872e-07  0.00019523
1.65045e-07  -5.39843e-06
1.65187e-07  0.000566577
1.65339e-07  3.49917e-05
1.65532e-07  9.32232e-05
1.65616e-07  0.000469785
1.65656e-07  0.000252102
1.65687e-07  0.000753555
1.65711e-07  0.000335263
1.65785e-07  6.32691e-05
1.65926e-07  0.000122545
1.6599e-07  0.000588076
1.66053e-07  0.000150598
1.6625e-07  -2.88071e-06
1.66378e-07  0.000215962
1.6642e-07  0.000806176
1.66464e-07  0.00022631
1.66545e-07  3.5121e-05
1.66725e-07  0.000121144
1.66786e-07  0.000573494
1.6685e-07  0.000168045
1.67049e-07  -4.26572e-06
1.67222e-07  0.000478464
1.67309e-07  0.000247552
1.67335e-07  0.000761825
1.67404e-07  5.92209e-05
1.67527e-07  0.000125877
1.67591e-07  0.000586633
1.67658e-07  0.000140242
1.67848e-07  -5.26978e-06
1.6798e-07  0.000225436
1.6802e-07  0.000821896
1.68074e-07  0.000184292
1.68244e-07  -5.90175e-06
1.68348e-07  0.000193494
1.68387e-07  0.00057305
1.6845e-07  0.000168728
1.68648e-07  -5.52012e-06
1.68816e-07  0.000474418
1.68855e-07  0.000253136
1.68888e-07  0.000726683
1.68938e-07  0.000156294
1.69009e-07  3.50506e-05
1.69127e-07  0.000127762
1.6919e-07  0.000590429
1.6925e-07  0.000158076
1.6945e-07  -3.16899e-06
1.69578e-07  0.000219824
1.69625e-07  0.000804972
1.69662e-07  0.00023601
1.69737e-07  4.2069e-05
1.69925e-07  0.000121034
1.69986e-07  0.000577704
1.7005e-07  0.000167375
1.70246e-07  -5.60478e-06
1.70417e-07  0.000479861
1.70506e-07  0.000229213
1.70553e-07  0.00044755
1.70569e-07  0.000834533
1.70649e-07  0.000128287
1.70748e-07  0.00019923
1.70788e-07  0.000589693
1.70855e-07  0.000147067
1.71046e-07  -5.24394e-06
1.71177e-07  0.000214541
1.71222e-07  0.000822086
1.71269e-07  0.0002038
1.71446e-07  -6.18677e-06
1.71587e-07  0.000573018
1.71737e-07  3.56498e-05
1.71932e-07  9.35026e-05
1.72021e-07  0.000479185
1.72054e-07  0.000251732
1.72087e-07  0.000757079
1.72108e-07  0.000354603
1.72181e-07  6.9582e-05
1.72327e-07  0.000125016
1.7239e-07  0.000590871
1.72451e-07  0.000154089
1.72646e-07  -6.872e-06
1.72777e-07  0.000216042
1.72824e-07  0.000811809
1.72868e-07  0.000200448
1.72945e-07  3.44395e-05
1.73125e-07  0.000121267
1.73186e-07  0.000578404
1.7325e-07  0.00016715
1.7345e-07  -2.57142e-06
1.73618e-07  0.000480818
1.73705e-07  0.0002494
1.73738e-07  0.000772193
1.73781e-07  0.00016626
1.73843e-07  2.11358e-05
1.73948e-07  0.000193525
1.73987e-07  0.000590957
1.74054e-07  0.000146386
1.74247e-07  -6.71467e-06
1.74377e-07  0.000214121
1.7442e-07  0.000827965
1.74473e-07  0.000184529
1.74644e-07  -6.75514e-06
1.74748e-07  0.000196717
1.74787e-07  0.000579043
1.7485e-07  0.000166278
1.7505e-07  -2.82706e-06
1.75214e-07  0.000471732
1.75254e-07  0.000251583
1.75286e-07  0.000732426
1.75336e-07  0.000161343
1.7541e-07  3.30374e-05
1.75527e-07  0.000126514
1.75587e-07  0.000597108
1.7565e-07  0.000155641
1.75846e-07  -5.95858e-06
1.75978e-07  0.000224917
1.76018e-07  0.000809924
1.76065e-07  0.000214718
1.76138e-07  3.97372e-05
1.76325e-07  0.000121216
1.76387e-07  0.0005835
1.76448e-07  0.000168543
1.76645e-07  -5.21607e-06
1.76818e-07  0.000482381
1.76909e-07  0.00024072
1.76939e-07  0.000577186
1.76985e-07  0.00030973
1.77031e-07  0.000573302
1.77055e-07  0.000193436
1.77093e-07  0.00104577
1.77115e-07  0.000687582
1.77202e-07  0.000728324
1.77254e-07  0.000166524
1.77445e-07  -6.59948e-06
1.7758e-07  0.000219737
1.77621e-07  0.000820147
1.77673e-07  0.000193415
1.77846e-07  -5.60774e-06
1.77987e-07  0.000568899
1.78137e-07  3.69038e-05
1.78329e-07  8.9963e-05
1.78416e-07  0.000471624
1.78456e-07  0.000252772
1.78487e-07  0.000755658
1.78512e-07  0.000327577
1.78581e-07  6.90978e-05
1.78726e-07  0.000121678
1.7879e-07  0.000587757
1.78854e-07  0.000149798
1.7905e-07  -2.61187e-06
1.79178e-07  0.000219053
1.79222e-07  0.000812314
1.79267e-07  0.000205368
1.79344e-07  3.55501e-05
1.79525e-07  0.000121096
1.79587e-07  0.00057519
1.7965e-07  0.000167189
1.7985e-07  -2.2807e-06
1.80014e-07  0.000470801
1.80106e-07  0.000243599
1.80135e-07  0.000763486
1.802e-07  6.52672e-05
1.80326e-07  0.000124402
1.8039e-07  0.000589728
1.80454e-07  0.000147344
1.80646e-07  -6.3254e-06
1.80778e-07  0.000216101
1.80822e-07  0.000824751
1.8087e-07  0.000197439
1.81e-07  1.10298e-05
1.81127e-07  0.000127546
1.8119e-07  0.000573126
1.8125e-07  0.000167533
1.8145e-07  -2.4381e-06
1.81618e-07  0.000478362
1.81654e-07  0.000253319
1.81685e-07  0.000727837
1.81738e-07  0.000151737
1.81808e-07  3.60456e-05
1.8193e-07  0.000135357
1.81989e-07  0.000593364
1.82053e-07  0.00015028
1.82248e-07  -6.17202e-06
1.82378e-07  0.000220968
1.82419e-07  0.000810589
1.82462e-07  0.000237362
1.82541e-07  3.70812e-05
1.82727e-07  0.000125542
1.82786e-07  0.000579685
1.8285e-07  0.0001662
1.83045e-07  -6.52684e-06
1.83222e-07  0.000480688
1.83306e-07  0.000231495
1.83354e-07  0.000465952
1.8337e-07  0.000847661
1.83449e-07  0.000113177
1.8355e-07  0.00020769
1.83591e-07  0.000587441
1.8365e-07  0.000158734
1.83844e-07  -5.2769e-06
1.83979e-07  0.000225663
1.84021e-07  0.000825387
1.84072e-07  0.000192827
1.84246e-07  -5.98854e-06
1.84349e-07  0.000197324
1.84386e-07  0.000573842
1.84535e-07  3.78639e-05
1.84731e-07  9.18318e-05
1.84816e-07  0.000474433
1.84858e-07  0.000267965
1.84886e-07  0.000758728
1.84909e-07  0.000344109
1.84981e-07  6.87509e-05
1.85126e-07  0.00012397
1.85188e-07  0.0005934
1.85251e-07  0.000154704
1.85446e-07  -6.56738e-06
1.85577e-07  0.000217067
1.85621e-07  0.000813988
1.85667e-07  0.000203658
1.85744e-07  3.49101e-05
1.85924e-07  0.000118792
1.85986e-07  0.000578501
1.8605e-07  0.000167095
1.86249e-07  -4.5681e-06
1.86418e-07  0.000480546
1.86509e-07  0.000263656
1.86539e-07  0.000777374
1.86582e-07  0.000134641
1.86645e-07  1.8419e-05
1.86749e-07  0.000197475
1.86788e-07  0.000594583
1.86851e-07  0.000153219
1.87045e-07  -5.47054e-06
1.87179e-07  0.000228553
1.8722e-07  0.00083128
1.87272e-07  0.000186604
1.87445e-07  -5.92455e-06
1.87548e-07  0.000194898
1.87586e-07  0.000578447
1.8765e-07  0.000166466
1.87849e-07  -4.54399e-06
1.8802e-07  0.000482484
1.88055e-07  0.00025485
1.88086e-07  0.000733112
1.88136e-07  0.000159439
1.88212e-07  3.01875e-05
1.88347e-07  0.000192222
1.88386e-07  0.000595188
1.8845e-07  0.000155017
1.88648e-07  -5.86046e-06
1.88778e-07  0.000226189
1.8882e-07  0.000817446
1.88866e-07  0.00020546
1.88944e-07  3.32552e-05
1.89127e-07  0.000126859
1.89186e-07  0.000582762
1.89251e-07  0.000162596
1.89448e-07  -6.16399e-06
1.89618e-07  0.000482942
1.89709e-07  0.0002362
1.89769e-07  0.000555373
1.89785e-07  0.000299824
1.89831e-07  0.000814079
1.89862e-07  0.000325841
1.89949e-07  0.000242209
1.89989e-07  0.000596838
1.9005e-07  0.000158603
1.90247e-07  -6.33495e-06
1.90379e-07  0.000221223
1.90419e-07  0.000824337
1.90474e-07  0.000184433
1.90644e-07  -5.28327e-06
1.90747e-07  0.000190652
1.90786e-07  0.000575408
1.90934e-07  3.93861e-05
1.91129e-07  8.99409e-05
1.91215e-07  0.000474289
1.91257e-07  0.000260947
1.91287e-07  0.000756719
1.9131e-07  0.000336206
1.91384e-07  6.52332e-05
1.91525e-07  0.000120438
1.91586e-07  0.000592245
1.91654e-07  0.000147489
1.91848e-07  -6.05227e-06
1.91978e-07  0.000221655
1.92022e-07  0.000817557
1.92068e-07  0.000197504
1.92144e-07  3.44022e-05
1.92323e-07  0.000118276
1.92387e-07  0.000580758
1.9245e-07  0.000165866
1.92649e-07  -4.05414e-06
1.92822e-07  0.000481542
1.92905e-07  0.000250148
1.92934e-07  0.000769685
1.93e-07  6.29215e-05
1.93129e-07  0.000133366
1.93187e-07  0.000594226
1.93251e-07  0.000151939
1.93446e-07  -5.19275e-06
1.93578e-07  0.000222277
1.93619e-07  0.000828146
1.93669e-07  0.000199922
1.93796e-07  1.21473e-05
1.9393e-07  0.000135743
1.93987e-07  0.000580146
1.9405e-07  0.000166526
1.94249e-07  -4.18528e-06
1.94418e-07  0.000481976
1.94455e-07  0.00025514
1.94487e-07  0.000731028
1.94538e-07  0.000147299
1.94608e-07  3.43969e-05
1.94726e-07  0.000123648
1.94786e-07  0.000595893
1.94854e-07  0.000145288
1.95047e-07  -6.63067e-06
1.9518e-07  0.000234669
1.9522e-07  0.000819171
1.95265e-07  0.000210379
1.9534e-07  3.6935e-05
1.95527e-07  0.000126201
1.95585e-07  0.000581611
1.95649e-07  0.000167472
1.95845e-07  -6.65677e-06
1.96017e-07  0.000483032
1.96109e-07  0.000242802
1.96151e-07  0.000439407
1.96168e-07  0.000844928
1.96262e-07  0.00014594
1.9635e-07  0.000207336
1.96387e-07  0.000592239
1.96462e-07  0.000133501
1.96729e-07  8.98275e-05
1.96781e-07  0.000236634
1.96821e-07  0.000827199
1.96862e-07  0.00025273
1.96911e-07  7.79412e-05
1.97124e-07  0.000119899
1.97186e-07  0.000577635
1.97249e-07  0.0001699
1.97445e-07  -5.88812e-06
1.97617e-07  0.000479316
1.97654e-07  0.000253078
1.97687e-07  0.000764197
1.97784e-07  6.56005e-05
1.97926e-07  0.000122412
1.97988e-07  0.000596709
1.98045e-07  0.000238503
1.98245e-07  -5.58828e-06
1.98377e-07  0.000219608
1.9842e-07  0.000922242
1.98445e-07  0.000602924
1.98494e-07  0.00104728
1.98522e-07  0.000797012
1.9855e-07  0.00172003
1.98564e-07  0.00126187
1.98588e-07  0.00195772
1.986e-07  0.00116109
1.9861e-07  0.000947956
1.98657e-07  0.00077523
1.98699e-07  0.00112969
1.98754e-07  0.000621495
1.98806e-07  0.00100444
1.98946e-07  5.12145e-05
1.99178e-07  0.000179621
1.99271e-07  0.00110379
1.99327e-07  0.000333685
1.99446e-07  0.000196281
1.9965e-07  0.000496605
1.99691e-07  0.000916005
1.99748e-07  5.98795e-05
1.99933e-07  9.03146e-05
2.00005e-07  0.000508965
