# t  col1   (REAL LDO VDD0P8_PLL port current, decimated from real TB itrans; VCO->NDIV path, 20pF decap)
0  3.69506e-05
8.79221e-10  0.000774384
1.44699e-09  -1.01735e-05
1.62277e-09  0.000815437
1.84541e-09  -1.01595e-05
2.5309e-09  0.000766037
3.04674e-09  -1.07748e-05
3.0487e-09  -9.71931e-06
3.22113e-09  0.000811928
3.44681e-09  -1.06669e-05
4.08849e-09  0.000703843
4.64843e-09  -9.21961e-06
4.82326e-09  0.000779888
5.04439e-09  -9.1788e-06
5.7771e-09  0.000761871
6.24506e-09  -8.93367e-06
6.42398e-09  0.00076355
6.64539e-09  -9.11161e-06
8.02653e-09  0.000733226
8.24531e-09  -8.17538e-06
9.62811e-09  0.000730524
9.84359e-09  -7.26408e-06
1.12343e-08  0.000706796
1.18452e-08  -7.03842e-06
1.22726e-08  0.000761616
1.26434e-08  -5.06113e-06
1.28322e-08  0.000697908
1.30433e-08  -5.78939e-06
1.60365e-08  0.00068055
1.62455e-08  -4.58243e-06
1.76379e-08  0.000662749
2.46456e-08  -2.36134e-06
2.51683e-08  0.000900015
2.54451e-08  8.59329e-07
3.2038e-08  0.000661454
3.50447e-08  5.37255e-07
3.52379e-08  0.00067506
3.74445e-08  -1.36569e-06
3.78852e-08  0.000785981
3.82456e-08  5.34548e-07
4.1636e-08  0.000693511
4.46448e-08  -2.52118e-07
4.48334e-08  0.000701148
4.78454e-08  -9.32013e-07
4.80331e-08  0.000715572
5.02449e-08  -1.41888e-06
5.07539e-08  0.000374646
5.08037e-08  0.00123784
5.10474e-08  8.19805e-06
5.12326e-08  0.000795706
5.14467e-08  -2.04989e-08
5.28352e-08  0.000716734
5.4244e-08  -3.9562e-06
5.44331e-08  0.000734622
5.46455e-08  -4.55974e-06
5.60316e-08  0.000733095
5.66448e-08  -4.62606e-06
5.70286e-08  0.000739177
6.06453e-08  -5.11134e-06
6.08263e-08  0.000752057
6.22451e-08  -5.38226e-06
6.24287e-08  0.000752427
6.30465e-08  -5.32316e-06
6.34547e-08  0.000774772
6.38464e-08  -5.28623e-06
6.40282e-08  0.000759458
6.4244e-08  -5.31881e-06
6.56263e-08  0.00074924
6.70447e-08  -5.26742e-06
6.72262e-08  0.000770478
6.74439e-08  -5.58743e-06
6.80968e-08  0.000684227
6.86462e-08  -5.89291e-06
6.88269e-08  0.000764941
7.02447e-08  -5.5347e-06
7.04243e-08  0.000772873
7.06452e-08  -5.77159e-06
7.12951e-08  0.000719142
7.18478e-08  -4.95757e-06
7.20269e-08  0.000770604
7.21923e-08  1.58338e-05
7.29605e-08  0.000760046
7.34451e-08  -5.92319e-06
7.36259e-08  0.000786358
7.38437e-08  -5.78772e-06
7.4493e-08  0.000700029
7.50478e-08  -5.1796e-06
7.5226e-08  0.000779389
7.5845e-08  -5.85778e-06
7.62687e-08  0.000212694
7.63081e-08  0.000972952
7.66454e-08  -5.89614e-06
7.68237e-08  0.000777655
7.70445e-08  -5.9076e-06
7.7692e-08  0.000721492
7.82482e-08  -4.8003e-06
7.84252e-08  0.000775044
7.85962e-08  1.34331e-05
7.9358e-08  0.000751978
7.9846e-08  -5.73953e-06
8.00243e-08  0.000791732
8.02439e-08  -5.8047e-06
8.0892e-08  0.000703391
8.14459e-08  -5.81812e-06
8.16256e-08  0.000784235
8.17943e-08  1.40372e-05
8.25779e-08  0.000779141
8.30469e-08  -5.49879e-06
8.32256e-08  0.000792739
8.34445e-08  -5.80869e-06
8.40902e-08  0.000732354
8.4645e-08  -6.04681e-06
8.48226e-08  0.000780613
8.49931e-08  1.44857e-05
8.57443e-08  0.000747159
8.62446e-08  -6.02561e-06
8.64261e-08  0.000796495
8.66461e-08  -6.26877e-06
8.72916e-08  0.000711023
8.785e-08  -2.63384e-06
8.80233e-08  0.000792429
8.81474e-08  3.83545e-05
8.90397e-08  0.000780699
8.94452e-08  -5.98609e-06
8.96245e-08  0.000800681
8.98445e-08  -5.99994e-06
9.0491e-08  0.000739973
9.10457e-08  -5.43568e-06
9.12237e-08  0.000793046
9.13425e-08  4.19907e-05
9.21536e-08  0.000752645
9.26459e-08  -6.39536e-06
9.28205e-08  0.00080196
9.30436e-08  -6.10295e-06
9.36912e-08  0.000712808
9.42491e-08  -4.39049e-06
9.44248e-08  0.000798892
9.45455e-08  3.77595e-05
9.53738e-08  0.000795096
9.58458e-08  -5.37616e-06
9.60231e-08  0.000806633
9.61967e-08  1.32748e-05
9.68904e-08  0.000748345
9.74454e-08  -4.9367e-06
9.77273e-08  0.000773138
9.77921e-08  0.00190972
9.78164e-08  0.000919407
9.82464e-08  -4.24239e-06
9.84755e-08  0.00107888
9.85384e-08  0.000296507
9.88949e-08  0.000895483
9.90454e-08  -5.30649e-07
1.0021e-07  0.000316077
1.00253e-07  0.00106065
1.01046e-07  1.96376e-06
1.02428e-07  0.000744441
1.03848e-07  2.10675e-07
1.04025e-07  0.00076315
1.05446e-07  -1.96295e-07
1.05626e-07  0.00076296
1.07046e-07  -1.08273e-06
1.07224e-07  0.000776354
1.07445e-07  -1.39199e-06
1.08094e-07  0.000715279
1.0865e-07  1.37683e-06
1.08824e-07  0.00077082
1.08993e-07  1.94588e-05
1.09745e-07  0.000734571
1.10246e-07  -8.99372e-07
1.10424e-07  0.000790689
1.10644e-07  -1.70935e-06
1.11292e-07  0.00069983
1.11849e-07  -9.55752e-07
1.12024e-07  0.000785382
1.12645e-07  -1.22505e-06
1.13038e-07  0.000816647
1.13445e-07  -1.33453e-06
1.13623e-07  0.000793472
1.13846e-07  -2.38895e-06
1.14489e-07  0.000732641
1.15046e-07  -2.15365e-06
1.15224e-07  0.000787755
1.15344e-07  4.3004e-05
1.16151e-07  0.000741428
1.16647e-07  -2.34252e-06
1.16825e-07  0.000794609
1.17045e-07  -2.56241e-06
1.17688e-07  0.000710277
1.18248e-07  -2.39617e-06
1.18423e-07  0.0007946
1.19045e-07  -1.83509e-06
1.1937e-07  0.000804814
1.19846e-07  -1.76219e-06
1.20022e-07  0.000805604
1.20246e-07  -2.78223e-06
1.20887e-07  0.000740631
1.21448e-07  -2.29039e-06
1.21625e-07  0.000794641
1.21745e-07  3.97592e-05
1.2254e-07  0.000752949
1.23047e-07  -2.81037e-06
1.23223e-07  0.000808489
1.23445e-07  -3.16764e-06
1.24087e-07  0.000716324
1.2465e-07  3.79481e-07
1.24823e-07  0.000800773
1.25446e-07  -2.2841e-06
1.25857e-07  0.000197855
1.25893e-07  0.00104456
1.26246e-07  -2.01363e-06
1.26423e-07  0.000803521
1.26643e-07  -2.11153e-06
1.27288e-07  0.000740936
1.27849e-07  -1.24621e-06
1.28022e-07  0.000797329
1.28144e-07  3.97578e-05
1.28934e-07  0.000749626
1.29447e-07  -3.20541e-06
1.29619e-07  0.000806077
1.29846e-07  -2.29922e-06
1.30487e-07  0.000715864
1.31046e-07  -2.47334e-06
1.31224e-07  0.000800077
1.31845e-07  -2.33626e-06
1.3217e-07  0.000832651
1.32645e-07  -3.10968e-06
1.32821e-07  0.000810474
1.33044e-07  -2.08855e-06
1.33687e-07  0.000741888
1.34246e-07  -2.27273e-06
1.34419e-07  0.000793924
1.34547e-07  3.7904e-05
1.35339e-07  0.000763277
1.35846e-07  -3.45686e-06
1.36017e-07  0.000803501
1.36246e-07  -2.41084e-06
1.36885e-07  0.000717647
1.37447e-07  -2.8764e-06
1.37623e-07  0.000802912
1.38245e-07  -3.58246e-06
1.38631e-07  0.000803912
1.39046e-07  -2.57399e-06
1.39222e-07  0.000810006
1.39447e-07  -3.02136e-06
1.40087e-07  0.000745224
1.40648e-07  -2.28568e-06
1.4082e-07  0.00079902
1.40943e-07  3.93606e-05
1.41734e-07  0.000753976
1.42245e-07  -3.26669e-06
1.42419e-07  0.000811202
1.42644e-07  -2.19167e-06
1.43285e-07  0.000717667
1.4385e-07  2.00635e-07
1.44021e-07  0.000803218
1.44645e-07  -3.35094e-06
1.44969e-07  0.00082384
1.45447e-07  -2.83666e-06
1.45621e-07  0.000812177
1.45845e-07  -3.2218e-06
1.46487e-07  0.000743922
1.47045e-07  -3.40517e-06
1.47223e-07  0.000803086
1.47345e-07  3.74965e-05
1.48138e-07  0.000761247
1.48646e-07  -3.67819e-06
1.48819e-07  0.000813078
1.49044e-07  -2.88238e-06
1.49687e-07  0.000719353
1.5025e-07  -1.17142e-08
1.50424e-07  0.000799481
1.51046e-07  -2.39982e-06
1.51457e-07  0.000181365
1.51557e-07  0.00111393
1.51845e-07  -1.81396e-06
1.52023e-07  0.000899787
1.52244e-07  -5.81327e-06
1.52889e-07  0.000746845
1.53447e-07  -5.75694e-06
1.53622e-07  0.000803283
1.53746e-07  3.61922e-05
1.54537e-07  0.000754689
1.55045e-07  -5.70279e-06
1.55221e-07  0.000818626
1.55444e-07  -6.16706e-06
1.56088e-07  0.000723839
1.56645e-07  -5.90526e-06
1.56824e-07  0.000808209
1.57445e-07  -5.16841e-06
1.57804e-07  0.00083861
1.58245e-07  -5.52703e-06
1.58421e-07  0.000817457
1.58646e-07  -6.25764e-06
1.59289e-07  0.000749198
1.59847e-07  -6.31317e-06
1.60022e-07  0.00080828
1.60143e-07  3.69551e-05
1.6094e-07  0.000770704
1.61446e-07  -6.65207e-06
1.61623e-07  0.000822117
1.618e-07  1.11353e-05
1.62487e-07  0.000728265
1.63046e-07  -5.41345e-06
1.63222e-07  0.000814723
1.63846e-07  -6.50264e-06
1.64233e-07  0.000846203
1.64646e-07  -5.79203e-06
1.64821e-07  0.000818897
1.65045e-07  -5.39843e-06
1.65687e-07  0.000753555
1.6625e-07  -2.88071e-06
1.6642e-07  0.000806176
1.66545e-07  3.5121e-05
1.67335e-07  0.000761825
1.67848e-07  -5.26978e-06
1.6802e-07  0.000821896
1.68244e-07  -5.90175e-06
1.68888e-07  0.000726683
1.6945e-07  -3.16899e-06
1.69625e-07  0.000804972
1.70246e-07  -5.60478e-06
1.70569e-07  0.000834533
1.71046e-07  -5.24394e-06
1.71222e-07  0.000822086
1.71446e-07  -6.18677e-06
1.72087e-07  0.000757079
1.72646e-07  -6.872e-06
1.72824e-07  0.000811809
1.72945e-07  3.44395e-05
1.73738e-07  0.000772193
1.74247e-07  -6.71467e-06
1.7442e-07  0.000827965
1.74644e-07  -6.75514e-06
1.75286e-07  0.000732426
1.75846e-07  -5.95858e-06
1.76018e-07  0.000809924
1.76645e-07  -5.21607e-06
1.77055e-07  0.000193436
1.77093e-07  0.00104577
1.77445e-07  -6.59948e-06
1.77621e-07  0.000820147
1.77846e-07  -5.60774e-06
1.78487e-07  0.000755658
1.7905e-07  -2.61187e-06
1.79222e-07  0.000812314
1.79344e-07  3.55501e-05
1.80135e-07  0.000763486
1.80646e-07  -6.3254e-06
1.80822e-07  0.000824751
1.81e-07  1.10298e-05
1.81685e-07  0.000727837
1.82248e-07  -6.17202e-06
1.82419e-07  0.000810589
1.83045e-07  -6.52684e-06
1.8337e-07  0.000847661
1.83844e-07  -5.2769e-06
1.84021e-07  0.000825387
1.84246e-07  -5.98854e-06
1.84886e-07  0.000758728
1.85446e-07  -6.56738e-06
1.85621e-07  0.000813988
1.85744e-07  3.49101e-05
1.86539e-07  0.000777374
1.87045e-07  -5.47054e-06
1.8722e-07  0.00083128
1.87445e-07  -5.92455e-06
1.88086e-07  0.000733112
1.88648e-07  -5.86046e-06
1.8882e-07  0.000817446
1.88944e-07  3.32552e-05
1.89831e-07  0.000814079
1.90247e-07  -6.33495e-06
1.90419e-07  0.000824337
1.90644e-07  -5.28327e-06
1.91287e-07  0.000756719
1.91848e-07  -6.05227e-06
1.92022e-07  0.000817557
1.92144e-07  3.44022e-05
1.92934e-07  0.000769685
1.93446e-07  -5.19275e-06
1.93619e-07  0.000828146
1.93796e-07  1.21473e-05
1.94487e-07  0.000731028
1.95047e-07  -6.63067e-06
1.9522e-07  0.000819171
1.95845e-07  -6.65677e-06
1.96168e-07  0.000844928
1.96262e-07  0.00014594
1.96821e-07  0.000827199
1.97445e-07  -5.88812e-06
1.97687e-07  0.000764197
1.98245e-07  -5.58828e-06
1.98522e-07  0.000797012
1.98588e-07  0.00195772
1.9861e-07  0.000947956
1.98946e-07  5.12145e-05
1.99271e-07  0.00110379
1.99446e-07  0.000196281
2.00005e-07  0.000508965
